-4.58563097223725,-4.678664713368322,-4.771698454499394,-4.8647321956304665,-4.95776593676154,-5.050799677892612,-5.143833419023685,-5.236867160154757,-5.329900901285829,-5.4229346424169025,-5.515968383547975,-5.609002124679047,-5.70203586581012,-5.795069606941192,-5.888103348072265,-5.9811370892033375,-6.07417083033441,-6.167204571465483,-6.260238312596555,-6.353272053727627,-6.4463057948587,-6.539339535989773,-6.632373277120845,-6.725407018251918,-6.81844075938299,-6.911474500514063,-7.004508241645135,-7.097541982776208,-7.190575723907281,-7.283609465038353,-7.376643206169425,-7.469676947300498,-7.5627106884315705,-7.655744429562644,-7.748778170693716,-7.841811911824788,-7.934845652955861,-8.027879394086934,-8.120913135218006,-8.213946876349079,-8.306980617480152,-8.400014358611223,-8.493048099742296,-8.58608184087337,-8.67911558200444,-8.772149323135514,-8.865183064266587,-8.958216805397658,-9.051250546528731,-9.144284287659804,-9.237318028790876,-9.330351769921949,-9.423385511053022,-9.516419252184095,-9.609452993315166,-9.70248673444624,-9.795520475577312,-9.888554216708384,-9.981587957839457,-10.07462169897053,-10.167655440101601,-10.260689181232674,-10.353722922363747,-10.446756663494819,-10.539790404625892,-10.632824145756965,-10.725857886888036,-10.81889162801911,-10.911925369150183,-11.004959110281256,-11.097992851412327,-11.1910265925434,-11.284060333674473,-11.377094074805544,-11.470127815936618,-11.56316155706769,-11.656195298198762,-11.749229039329835,-11.842262780460908,-11.93529652159198,-12.028330262723053,-12.121364003854126,-12.214397744985197,-12.30743148611627,-12.400465227247343,-12.493498968378416,-12.586532709509488,-12.67956645064056,-12.772600191771634,-12.865633932902705,-12.958667674033778,-13.051701415164851,-13.144735156295923,-13.237768897426996,-13.330802638558069,-13.423836379689142,-13.516870120820213,-13.609903861951286,-13.70293760308236,-13.79597134421343
-4.529827209039379,-4.622860950170451,-4.715894691301523,-4.808928432432596,-4.9019621735636685,-4.994995914694741,-5.088029655825814,-5.181063396956886,-5.274097138087958,-5.367130879219031,-5.4601646203501035,-5.553198361481176,-5.646232102612249,-5.739265843743321,-5.832299584874393,-5.925333326005466,-6.018367067136539,-6.111400808267612,-6.204434549398684,-6.297468290529756,-6.390502031660829,-6.483535772791901,-6.576569513922974,-6.669603255054047,-6.762636996185119,-6.855670737316191,-6.948704478447264,-7.0417382195783365,-7.134771960709409,-7.227805701840482,-7.320839442971554,-7.413873184102627,-7.506906925233699,-7.5999406663647715,-7.692974407495845,-7.786008148626917,-7.87904188975799,-7.972075630889062,-8.065109372020135,-8.158143113151207,-8.25117685428228,-8.344210595413353,-8.437244336544424,-8.530278077675497,-8.62331181880657,-8.716345559937643,-8.809379301068715,-8.902413042199788,-8.995446783330861,-9.088480524461932,-9.181514265593005,-9.274548006724078,-9.36758174785515,-9.460615488986223,-9.553649230117296,-9.646682971248367,-9.73971671237944,-9.832750453510513,-9.925784194641585,-10.018817935772658,-10.111851676903731,-10.204885418034804,-10.297919159165875,-10.390952900296949,-10.483986641428022,-10.577020382559093,-10.670054123690166,-10.76308786482124,-10.85612160595231,-10.949155347083384,-11.042189088214457,-11.135222829345528,-11.228256570476601,-11.321290311607674,-11.414324052738746,-11.507357793869819,-11.600391535000892,-11.693425276131965,-11.786459017263036,-11.87949275839411,-11.972526499525182,-12.065560240656254,-12.158593981787327,-12.2516277229184,-12.344661464049471,-12.437695205180544,-12.530728946311617,-12.623762687442689,-12.716796428573762,-12.809830169704835,-12.902863910835906,-12.99589765196698,-13.088931393098052,-13.181965134229124,-13.274998875360197,-13.36803261649127,-13.461066357622341,-13.554100098753414,-13.647133839884487,-13.74016758101556
-4.891566884712039,-4.984600625843111,-5.077634366974183,-5.1706681081052555,-5.2637018492363286,-5.356735590367401,-5.449769331498473,-5.542803072629546,-5.635836813760618,-5.728870554891691,-5.821904296022764,-5.914938037153836,-6.007971778284909,-6.101005519415981,-6.194039260547053,-6.287073001678126,-6.380106742809199,-6.473140483940272,-6.566174225071344,-6.659207966202416,-6.752241707333489,-6.8452754484645615,-6.938309189595634,-7.031342930726707,-7.124376671857779,-7.217410412988852,-7.310444154119924,-7.4034778952509965,-7.49651163638207,-7.589545377513142,-7.682579118644214,-7.775612859775287,-7.868646600906359,-7.9616803420374325,-8.054714083168504,-8.147747824299577,-8.24078156543065,-8.333815306561723,-8.426849047692794,-8.519882788823868,-8.61291652995494,-8.705950271086012,-8.798984012217085,-8.892017753348158,-8.98505149447923,-9.078085235610303,-9.171118976741376,-9.264152717872449,-9.35718645900352,-9.450220200134593,-9.543253941265666,-9.636287682396738,-9.72932142352781,-9.822355164658884,-9.915388905789955,-10.008422646921028,-10.101456388052101,-10.194490129183173,-10.287523870314246,-10.380557611445319,-10.473591352576392,-10.566625093707463,-10.659658834838536,-10.75269257596961,-10.84572631710068,-10.938760058231754,-11.031793799362827,-11.124827540493898,-11.217861281624971,-11.310895022756045,-11.403928763887116,-11.496962505018189,-11.589996246149262,-11.683029987280333,-11.776063728411406,-11.86909746954248,-11.962131210673553,-12.055164951804624,-12.148198692935697,-12.24123243406677,-12.334266175197842,-12.427299916328915,-12.520333657459988,-12.613367398591059,-12.706401139722132,-12.799434880853205,-12.892468621984277,-12.98550236311535,-13.078536104246423,-13.171569845377494,-13.264603586508567,-13.35763732763964,-13.450671068770712,-13.543704809901785,-13.636738551032858,-13.729772292163931,-13.822806033295002,-13.915839774426075,-14.008873515557148,-14.10190725668822
-4.63583752053162,-4.728871261662693,-4.821905002793766,-4.914938743924838,-5.0079724850559115,-5.101006226186984,-5.194039967318056,-5.287073708449129,-5.380107449580201,-5.473141190711274,-5.566174931842347,-5.659208672973419,-5.752242414104492,-5.845276155235564,-5.938309896366636,-6.031343637497709,-6.124377378628782,-6.217411119759855,-6.310444860890927,-6.403478602021999,-6.496512343153072,-6.5895460842841445,-6.682579825415217,-6.77561356654629,-6.868647307677362,-6.961681048808434,-7.054714789939507,-7.1477485310705795,-7.240782272201653,-7.333816013332725,-7.426849754463798,-7.51988349559487,-7.612917236725942,-7.705950977857015,-7.798984718988088,-7.89201846011916,-7.985052201250233,-8.078085942381305,-8.171119683512378,-8.26415342464345,-8.357187165774523,-8.450220906905596,-8.543254648036667,-8.63628838916774,-8.729322130298813,-8.822355871429885,-8.915389612560958,-9.00842335369203,-9.101457094823102,-9.194490835954175,-9.287524577085248,-9.38055831821632,-9.473592059347393,-9.566625800478466,-9.659659541609537,-9.75269328274061,-9.845727023871683,-9.938760765002757,-10.031794506133828,-10.124828247264901,-10.217861988395974,-10.310895729527045,-10.403929470658118,-10.496963211789192,-10.589996952920263,-10.683030694051336,-10.776064435182409,-10.86909817631348,-10.962131917444554,-11.055165658575627,-11.148199399706698,-11.241233140837771,-11.334266881968844,-11.427300623099915,-11.520334364230989,-11.613368105362062,-11.706401846493133,-11.799435587624206,-11.89246932875528,-11.985503069886352,-12.078536811017424,-12.171570552148497,-12.26460429327957,-12.357638034410641,-12.450671775541714,-12.543705516672787,-12.636739257803859,-12.729772998934932,-12.822806740066005,-12.915840481197076,-13.00887422232815,-13.101907963459222,-13.194941704590295,-13.287975445721367,-13.38100918685244,-13.474042927983513,-13.567076669114584,-13.660110410245657,-13.75314415137673,-13.846177892507802
-4.785525485210821,-4.878559226341893,-4.971592967472965,-5.064626708604037,-5.15766044973511,-5.250694190866183,-5.343727931997255,-5.436761673128328,-5.5297954142594,-5.622829155390473,-5.7158628965215454,-5.8088966376526185,-5.901930378783691,-5.994964119914763,-6.087997861045836,-6.181031602176908,-6.2740653433079805,-6.367099084439054,-6.460132825570126,-6.553166566701199,-6.646200307832271,-6.739234048963343,-6.832267790094416,-6.925301531225489,-7.018335272356562,-7.111369013487634,-7.204402754618706,-7.297436495749779,-7.3904702368808515,-7.483503978011924,-7.576537719142997,-7.669571460274069,-7.762605201405141,-7.855638942536214,-7.9486726836672865,-8.04170642479836,-8.134740165929431,-8.227773907060504,-8.320807648191577,-8.413841389322648,-8.506875130453722,-8.599908871584795,-8.692942612715866,-8.785976353846939,-8.879010094978012,-8.972043836109084,-9.065077577240157,-9.15811131837123,-9.251145059502303,-9.344178800633374,-9.437212541764447,-9.53024628289552,-9.623280024026592,-9.716313765157665,-9.809347506288738,-9.90238124741981,-9.995414988550882,-10.088448729681955,-10.181482470813027,-10.2745162119441,-10.367549953075173,-10.460583694206244,-10.553617435337317,-10.64665117646839,-10.739684917599464,-10.832718658730535,-10.925752399861608,-11.018786140992681,-11.111819882123752,-11.204853623254825,-11.297887364385899,-11.39092110551697,-11.483954846648043,-11.576988587779116,-11.670022328910187,-11.76305607004126,-11.856089811172334,-11.949123552303407,-12.042157293434478,-12.135191034565551,-12.228224775696624,-12.321258516827696,-12.414292257958769,-12.507325999089842,-12.600359740220913,-12.693393481351986,-12.78642722248306,-12.87946096361413,-12.972494704745204,-13.065528445876277,-13.15856218700735,-13.251595928138421,-13.344629669269494,-13.437663410400567,-13.530697151531639,-13.623730892662712,-13.716764633793785,-13.809798374924856,-13.90283211605593,-13.995865857187002
-4.891119704786778,-4.984153445917851,-5.077187187048924,-5.1702209281799965,-5.263254669311069,-5.356288410442142,-5.449322151573214,-5.542355892704287,-5.635389633835359,-5.7284233749664315,-5.821457116097505,-5.914490857228577,-6.007524598359649,-6.100558339490722,-6.193592080621794,-6.2866258217528665,-6.37965956288394,-6.472693304015012,-6.565727045146085,-6.658760786277157,-6.751794527408229,-6.8448282685393025,-6.937862009670375,-7.030895750801447,-7.12392949193252,-7.216963233063592,-7.309996974194665,-7.4030307153257375,-7.49606445645681,-7.589098197587883,-7.682131938718955,-7.775165679850027,-7.8681994209811,-7.961233162112173,-8.054266903243246,-8.147300644374317,-8.24033438550539,-8.333368126636463,-8.426401867767536,-8.519435608898608,-8.61246935002968,-8.705503091160754,-8.798536832291825,-8.891570573422898,-8.984604314553971,-9.077638055685043,-9.170671796816116,-9.263705537947189,-9.35673927907826,-9.449773020209333,-9.542806761340406,-9.63584050247148,-9.72887424360255,-9.821907984733624,-9.914941725864697,-10.007975466995768,-10.101009208126841,-10.194042949257915,-10.287076690388986,-10.380110431520059,-10.473144172651132,-10.566177913782203,-10.659211654913276,-10.75224539604435,-10.845279137175421,-10.938312878306494,-11.031346619437567,-11.12438036056864,-11.217414101699712,-11.310447842830785,-11.403481583961858,-11.496515325092929,-11.589549066224002,-11.682582807355075,-11.775616548486147,-11.86865028961722,-11.961684030748293,-12.054717771879364,-12.147751513010437,-12.24078525414151,-12.333818995272582,-12.426852736403655,-12.519886477534728,-12.612920218665801,-12.705953959796872,-12.798987700927945,-12.892021442059017,-12.98505518319009,-13.078088924321163,-13.171122665452236,-13.264156406583307,-13.35719014771438,-13.450223888845454,-13.543257629976525,-13.636291371107598,-13.729325112238671,-13.822358853369742,-13.915392594500815,-14.008426335631889,-14.10146007676296
-4.531885803579186,-4.6249195447102585,-4.717953285841331,-4.810987026972404,-4.904020768103476,-4.997054509234548,-5.090088250365621,-5.1831219914966935,-5.276155732627767,-5.369189473758839,-5.462223214889911,-5.555256956020984,-5.648290697152056,-5.741324438283129,-5.834358179414202,-5.927391920545274,-6.020425661676347,-6.113459402807419,-6.206493143938491,-6.2995268850695645,-6.392560626200637,-6.48559436733171,-6.578628108462782,-6.671661849593854,-6.764695590724927,-6.8577293318559995,-6.950763072987072,-7.043796814118145,-7.136830555249217,-7.22986429638029,-7.322898037511362,-7.415931778642435,-7.508965519773508,-7.60199926090458,-7.695033002035652,-7.788066743166725,-7.881100484297797,-7.97413422542887,-8.067167966559943,-8.160201707691016,-8.253235448822087,-8.34626918995316,-8.439302931084233,-8.532336672215305,-8.625370413346378,-8.71840415447745,-8.811437895608522,-8.904471636739595,-8.997505377870668,-9.09053911900174,-9.183572860132813,-9.276606601263886,-9.369640342394957,-9.46267408352603,-9.555707824657103,-9.648741565788177,-9.741775306919248,-9.834809048050321,-9.927842789181394,-10.020876530312465,-10.113910271443538,-10.206944012574612,-10.299977753705683,-10.393011494836756,-10.48604523596783,-10.5790789770989,-10.672112718229974,-10.765146459361047,-10.85818020049212,-10.951213941623191,-11.044247682754264,-11.137281423885337,-11.230315165016409,-11.323348906147482,-11.416382647278555,-11.509416388409626,-11.6024501295407,-11.695483870671772,-11.788517611802844,-11.881551352933917,-11.97458509406499,-12.067618835196063,-12.160652576327134,-12.253686317458207,-12.34672005858928,-12.439753799720352,-12.532787540851425,-12.625821281982498,-12.718855023113571,-12.811888764244642,-12.904922505375716,-12.997956246506789,-13.09098998763786,-13.184023728768933,-13.277057469900006,-13.370091211031077,-13.46312495216215,-13.556158693293224,-13.649192434424295,-13.742226175555368
-4.817786075765176,-4.9108198168962485,-5.003853558027321,-5.096887299158394,-5.189921040289466,-5.282954781420539,-5.375988522551611,-5.4690222636826835,-5.562056004813757,-5.655089745944829,-5.748123487075901,-5.841157228206974,-5.934190969338046,-6.0272247104691195,-6.120258451600192,-6.213292192731264,-6.306325933862337,-6.399359674993409,-6.492393416124481,-6.5854271572555545,-6.678460898386627,-6.7714946395177,-6.864528380648772,-6.957562121779845,-7.050595862910917,-7.1436296040419895,-7.236663345173063,-7.329697086304135,-7.422730827435207,-7.51576456856628,-7.608798309697352,-7.701832050828425,-7.794865791959498,-7.88789953309057,-7.980933274221643,-8.073967015352714,-8.167000756483787,-8.26003449761486,-8.353068238745932,-8.446101979877005,-8.539135721008078,-8.63216946213915,-8.725203203270222,-8.818236944401296,-8.911270685532369,-9.00430442666344,-9.097338167794513,-9.190371908925586,-9.283405650056658,-9.37643939118773,-9.469473132318804,-9.562506873449875,-9.655540614580948,-9.748574355712021,-9.841608096843093,-9.934641837974166,-10.027675579105239,-10.120709320236312,-10.213743061367383,-10.306776802498456,-10.39981054362953,-10.4928442847606,-10.585878025891674,-10.678911767022747,-10.771945508153818,-10.864979249284891,-10.958012990415964,-11.051046731547036,-11.144080472678109,-11.237114213809182,-11.330147954940253,-11.423181696071326,-11.5162154372024,-11.60924917833347,-11.702282919464544,-11.795316660595617,-11.888350401726688,-11.981384142857761,-12.074417883988835,-12.167451625119906,-12.260485366250979,-12.353519107382052,-12.446552848513125,-12.539586589644196,-12.63262033077527,-12.725654071906343,-12.818687813037414,-12.911721554168487,-13.00475529529956,-13.097789036430632,-13.190822777561705,-13.283856518692778,-13.376890259823849,-13.469924000954922,-13.562957742085995,-13.655991483217067,-13.74902522434814,-13.842058965479213,-13.935092706610286,-14.028126447741357
-4.667475664314147,-4.7605094054452195,-4.853543146576292,-4.946576887707365,-5.039610628838437,-5.13264436996951,-5.225678111100582,-5.3187118522316545,-5.411745593362728,-5.5047793344938,-5.597813075624872,-5.690846816755945,-5.783880557887017,-5.8769142990180905,-5.969948040149163,-6.062981781280235,-6.156015522411308,-6.24904926354238,-6.342083004673453,-6.4351167458045255,-6.528150486935598,-6.621184228066671,-6.714217969197743,-6.807251710328816,-6.900285451459888,-6.9933191925909615,-7.086352933722034,-7.179386674853106,-7.272420415984179,-7.365454157115251,-7.458487898246323,-7.5515216393773965,-7.644555380508469,-7.737589121639541,-7.830622862770614,-7.923656603901686,-8.016690345032758,-8.109724086163832,-8.202757827294905,-8.295791568425976,-8.388825309557049,-8.481859050688122,-8.574892791819194,-8.667926532950267,-8.76096027408134,-8.853994015212411,-8.947027756343484,-9.040061497474557,-9.133095238605629,-9.226128979736702,-9.319162720867775,-9.412196461998846,-9.50523020312992,-9.598263944260992,-9.691297685392064,-9.784331426523137,-9.87736516765421,-9.970398908785281,-10.063432649916354,-10.156466391047427,-10.249500132178499,-10.342533873309572,-10.435567614440645,-10.528601355571718,-10.62163509670279,-10.714668837833862,-10.807702578964935,-10.900736320096007,-10.99377006122708,-11.086803802358153,-11.179837543489224,-11.272871284620297,-11.36590502575137,-11.458938766882444,-11.551972508013515,-11.645006249144588,-11.738039990275661,-11.831073731406732,-11.924107472537806,-12.017141213668879,-12.11017495479995,-12.203208695931023,-12.296242437062096,-12.389276178193168,-12.48230991932424,-12.575343660455314,-12.668377401586387,-12.761411142717458,-12.854444883848531,-12.947478624979604,-13.040512366110676,-13.133546107241749,-13.226579848372822,-13.319613589503893,-13.412647330634966,-13.50568107176604,-13.59871481289711,-13.691748554028184,-13.784782295159257,-13.877816036290328
-5.009647559862996,-5.102681300994069,-5.195715042125142,-5.288748783256215,-5.381782524387287,-5.47481626551836,-5.567850006649432,-5.660883747780504,-5.753917488911577,-5.84695123004265,-5.939984971173723,-6.033018712304795,-6.126052453435867,-6.21908619456694,-6.312119935698012,-6.4051536768290855,-6.498187417960158,-6.59122115909123,-6.684254900222303,-6.777288641353375,-6.870322382484448,-6.963356123615521,-7.056389864746593,-7.149423605877666,-7.242457347008738,-7.33549108813981,-7.428524829270883,-7.521558570401956,-7.614592311533029,-7.707626052664101,-7.800659793795173,-7.893693534926246,-7.9867272760573185,-8.07976101718839,-8.172794758319464,-8.265828499450537,-8.358862240581608,-8.451895981712681,-8.544929722843754,-8.637963463974826,-8.730997205105899,-8.824030946236972,-8.917064687368045,-9.010098428499116,-9.10313216963019,-9.196165910761263,-9.289199651892334,-9.382233393023407,-9.47526713415448,-9.568300875285551,-9.6613346164166245,-9.754368357547698,-9.847402098678769,-9.940435839809842,-10.033469580940915,-10.126503322071986,-10.21953706320306,-10.312570804334133,-10.405604545465204,-10.498638286596277,-10.59167202772735,-10.684705768858421,-10.777739509989495,-10.870773251120568,-10.96380699225164,-11.056840733382712,-11.149874474513785,-11.242908215644858,-11.33594195677593,-11.428975697907003,-11.522009439038076,-11.615043180169147,-11.70807692130022,-11.801110662431293,-11.894144403562365,-11.987178144693438,-12.080211885824511,-12.173245626955582,-12.266279368086655,-12.359313109217728,-12.4523468503488,-12.545380591479873,-12.638414332610946,-12.731448073742017,-12.82448181487309,-12.917515556004163,-13.010549297135235,-13.103583038266308,-13.196616779397381,-13.289650520528452,-13.382684261659525,-13.475718002790599,-13.568751743921672,-13.661785485052743,-13.754819226183816,-13.84785296731489,-13.94088670844596,-14.033920449577034,-14.126954190708107,-14.21998793183918
-4.555176346481536,-4.6482100876126085,-4.741243828743681,-4.834277569874753,-4.927311311005826,-5.020345052136898,-5.113378793267971,-5.2064125343990435,-5.299446275530116,-5.392480016661189,-5.485513757792261,-5.578547498923333,-5.671581240054406,-5.7646149811854785,-5.857648722316552,-5.950682463447624,-6.043716204578696,-6.136749945709769,-6.229783686840841,-6.322817427971914,-6.415851169102987,-6.508884910234059,-6.601918651365131,-6.694952392496204,-6.787986133627276,-6.881019874758349,-6.974053615889422,-7.067087357020494,-7.160121098151567,-7.253154839282639,-7.346188580413712,-7.439222321544785,-7.532256062675857,-7.62528980380693,-7.718323544938002,-7.811357286069074,-7.904391027200147,-7.99742476833122,-8.090458509462293,-8.183492250593364,-8.276525991724437,-8.36955973285551,-8.462593473986583,-8.555627215117655,-8.648660956248728,-8.7416946973798,-8.834728438510872,-8.927762179641945,-9.020795920773018,-9.11382966190409,-9.206863403035163,-9.299897144166236,-9.392930885297307,-9.48596462642838,-9.578998367559453,-9.672032108690525,-9.765065849821598,-9.858099590952671,-9.951133332083742,-10.044167073214815,-10.137200814345888,-10.23023455547696,-10.323268296608033,-10.416302037739106,-10.509335778870179,-10.60236952000125,-10.695403261132324,-10.788437002263397,-10.881470743394468,-10.974504484525541,-11.067538225656614,-11.160571966787685,-11.253605707918759,-11.346639449049832,-11.439673190180903,-11.532706931311976,-11.62574067244305,-11.71877441357412,-11.811808154705194,-11.904841895836267,-11.997875636967338,-12.090909378098411,-12.183943119229484,-12.276976860360557,-12.370010601491629,-12.463044342622702,-12.556078083753775,-12.649111824884846,-12.74214556601592,-12.835179307146992,-12.928213048278064,-13.021246789409137,-13.11428053054021,-13.207314271671281,-13.300348012802354,-13.393381753933427,-13.486415495064499,-13.579449236195572,-13.672482977326645,-13.765516718457716
-4.891640245658417,-4.98467398678949,-5.077707727920563,-5.170741469051635,-5.2637752101827076,-5.356808951313781,-5.449842692444853,-5.542876433575925,-5.635910174706998,-5.72894391583807,-5.821977656969143,-5.915011398100216,-6.008045139231288,-6.10107888036236,-6.194112621493433,-6.287146362624505,-6.3801801037555785,-6.473213844886651,-6.566247586017723,-6.659281327148796,-6.752315068279868,-6.845348809410941,-6.938382550542014,-7.031416291673086,-7.124450032804158,-7.217483773935231,-7.310517515066303,-7.403551256197376,-7.496584997328449,-7.589618738459521,-7.682652479590594,-7.775686220721666,-7.868719961852739,-7.9617537029838115,-8.054787444114885,-8.147821185245956,-8.240854926377029,-8.333888667508102,-8.426922408639173,-8.519956149770247,-8.61298989090132,-8.706023632032391,-8.799057373163464,-8.892091114294537,-8.985124855425608,-9.078158596556682,-9.171192337687755,-9.264226078818826,-9.357259819949899,-9.450293561080972,-9.543327302212044,-9.636361043343117,-9.72939478447419,-9.822428525605261,-9.915462266736334,-10.008496007867407,-10.10152974899848,-10.194563490129552,-10.287597231260625,-10.380630972391698,-10.47366471352277,-10.566698454653842,-10.659732195784915,-10.752765936915987,-10.84579967804706,-10.938833419178133,-11.031867160309204,-11.124900901440277,-11.21793464257135,-11.310968383702422,-11.404002124833495,-11.497035865964568,-11.590069607095641,-11.683103348226712,-11.776137089357785,-11.869170830488859,-11.96220457161993,-12.055238312751003,-12.148272053882076,-12.241305795013147,-12.33433953614422,-12.427373277275294,-12.520407018406365,-12.613440759537438,-12.706474500668511,-12.799508241799584,-12.892541982930656,-12.985575724061729,-13.078609465192802,-13.171643206323873,-13.264676947454946,-13.35771068858602,-13.45074442971709,-13.543778170848164,-13.636811911979237,-13.729845653110308,-13.822879394241381,-13.915913135372454,-14.008946876503526,-14.101980617634599
-4.849223060413137,-4.942256801544209,-5.035290542675281,-5.128324283806354,-5.221358024937427,-5.314391766068499,-5.407425507199572,-5.500459248330644,-5.5934929894617165,-5.68652673059279,-5.779560471723862,-5.872594212854934,-5.965627953986007,-6.058661695117079,-6.151695436248152,-6.244729177379225,-6.337762918510297,-6.43079665964137,-6.523830400772442,-6.616864141903514,-6.7098978830345875,-6.80293162416566,-6.895965365296732,-6.988999106427805,-7.082032847558877,-7.175066588689949,-7.2681003298210225,-7.361134070952095,-7.454167812083167,-7.54720155321424,-7.640235294345312,-7.7332690354763844,-7.8263027766074575,-7.91933651773853,-8.012370258869602,-8.105404000000675,-8.198437741131748,-8.29147148226282,-8.384505223393893,-8.477538964524966,-8.570572705656037,-8.66360644678711,-8.756640187918183,-8.849673929049255,-8.942707670180328,-9.0357414113114,-9.128775152442474,-9.221808893573545,-9.314842634704618,-9.407876375835691,-9.500910116966763,-9.593943858097836,-9.686977599228909,-9.78001134035998,-9.873045081491053,-9.966078822622126,-10.059112563753198,-10.15214630488427,-10.245180046015344,-10.338213787146415,-10.431247528277488,-10.524281269408561,-10.617315010539633,-10.710348751670706,-10.803382492801779,-10.89641623393285,-10.989449975063923,-11.082483716194997,-11.175517457326068,-11.268551198457141,-11.361584939588214,-11.454618680719285,-11.547652421850358,-11.640686162981432,-11.733719904112503,-11.826753645243576,-11.919787386374649,-12.012821127505722,-12.105854868636793,-12.198888609767867,-12.29192235089894,-12.384956092030011,-12.477989833161084,-12.571023574292157,-12.664057315423229,-12.757091056554302,-12.850124797685375,-12.943158538816446,-13.03619227994752,-13.129226021078592,-13.222259762209665,-13.315293503340737,-13.40832724447181,-13.501360985602883,-13.594394726733954,-13.687428467865027,-13.7804622089961,-13.873495950127172,-13.966529691258245,-14.059563432389318
-4.971906120177413,-5.064939861308485,-5.157973602439557,-5.25100734357063,-5.344041084701702,-5.437074825832775,-5.530108566963848,-5.62314230809492,-5.716176049225992,-5.809209790357065,-5.902243531488137,-5.9952772726192105,-6.088311013750283,-6.181344754881355,-6.274378496012428,-6.3674122371435,-6.460445978274573,-6.5534797194056456,-6.646513460536718,-6.739547201667791,-6.832580942798863,-6.925614683929935,-7.018648425061008,-7.111682166192081,-7.204715907323153,-7.297749648454226,-7.390783389585298,-7.48381713071637,-7.576850871847443,-7.669884612978516,-7.762918354109589,-7.855952095240661,-7.948985836371733,-8.042019577502806,-8.13505331863388,-8.22808705976495,-8.321120800896024,-8.414154542027097,-8.507188283158168,-8.600222024289241,-8.693255765420314,-8.786289506551386,-8.879323247682459,-8.972356988813532,-9.065390729944603,-9.158424471075676,-9.25145821220675,-9.34449195333782,-9.437525694468894,-9.530559435599967,-9.62359317673104,-9.716626917862111,-9.809660658993185,-9.902694400124258,-9.995728141255329,-10.088761882386402,-10.181795623517475,-10.274829364648546,-10.36786310577962,-10.460896846910693,-10.553930588041764,-10.646964329172837,-10.73999807030391,-10.833031811434983,-10.926065552566055,-11.019099293697128,-11.1121330348282,-11.205166775959272,-11.298200517090345,-11.391234258221418,-11.48426799935249,-11.577301740483563,-11.670335481614636,-11.763369222745707,-11.85640296387678,-11.949436705007853,-12.042470446138925,-12.135504187269998,-12.228537928401071,-12.321571669532142,-12.414605410663215,-12.507639151794288,-12.600672892925362,-12.693706634056433,-12.786740375187506,-12.879774116318579,-12.97280785744965,-13.065841598580723,-13.158875339711797,-13.251909080842868,-13.344942821973941,-13.437976563105014,-13.531010304236085,-13.624044045367159,-13.717077786498232,-13.810111527629303,-13.903145268760376,-13.99617900989145,-14.089212751022522,-14.182246492153594
-4.933200642404633,-5.026234383535706,-5.119268124666779,-5.212301865797851,-5.3053356069289235,-5.398369348059997,-5.491403089191069,-5.584436830322141,-5.677470571453214,-5.770504312584286,-5.8635380537153585,-5.956571794846432,-6.049605535977504,-6.142639277108576,-6.235673018239649,-6.328706759370721,-6.4217405005017945,-6.514774241632867,-6.607807982763939,-6.700841723895012,-6.793875465026084,-6.886909206157157,-6.9799429472882295,-7.072976688419302,-7.166010429550375,-7.259044170681447,-7.352077911812519,-7.445111652943592,-7.5381453940746646,-7.631179135205738,-7.72421287633681,-7.817246617467882,-7.910280358598955,-8.003314099730026,-8.0963478408611,-8.189381581992173,-8.282415323123246,-8.375449064254317,-8.46848280538539,-8.561516546516463,-8.654550287647535,-8.747584028778608,-8.84061776990968,-8.933651511040752,-9.026685252171825,-9.119718993302898,-9.21275273443397,-9.305786475565043,-9.398820216696116,-9.491853957827187,-9.58488769895826,-9.677921440089333,-9.770955181220405,-9.863988922351478,-9.957022663482551,-10.050056404613624,-10.143090145744695,-10.236123886875768,-10.329157628006842,-10.422191369137913,-10.515225110268986,-10.608258851400059,-10.70129259253113,-10.794326333662204,-10.887360074793277,-10.980393815924348,-11.073427557055421,-11.166461298186494,-11.259495039317565,-11.352528780448639,-11.445562521579712,-11.538596262710783,-11.631630003841856,-11.72466374497293,-11.817697486104,-11.910731227235074,-12.003764968366147,-12.096798709497218,-12.189832450628291,-12.282866191759364,-12.375899932890436,-12.468933674021509,-12.561967415152582,-12.655001156283653,-12.748034897414726,-12.8410686385458,-12.934102379676872,-13.027136120807944,-13.120169861939017,-13.21320360307009,-13.306237344201161,-13.399271085332234,-13.492304826463307,-13.585338567594379,-13.678372308725452,-13.771406049856525,-13.864439790987596,-13.95747353211867,-14.050507273249742,-14.143541014380814
-4.860691009696954,-4.953724750828026,-5.046758491959098,-5.139792233090171,-5.232825974221243,-5.3258597153523155,-5.418893456483389,-5.511927197614461,-5.604960938745533,-5.697994679876606,-5.791028421007678,-5.884062162138751,-5.977095903269824,-6.070129644400896,-6.163163385531969,-6.256197126663041,-6.349230867794114,-6.4422646089251865,-6.535298350056259,-6.628332091187332,-6.721365832318404,-6.814399573449476,-6.907433314580549,-7.0004670557116215,-7.093500796842694,-7.186534537973767,-7.279568279104839,-7.372602020235911,-7.465635761366984,-7.558669502498057,-7.651703243629129,-7.744736984760202,-7.837770725891274,-7.930804467022347,-8.02383820815342,-8.116871949284493,-8.209905690415564,-8.302939431546637,-8.39597317267771,-8.489006913808781,-8.582040654939854,-8.675074396070928,-8.768108137201999,-8.861141878333072,-8.954175619464145,-9.047209360595216,-9.14024310172629,-9.233276842857363,-9.326310583988436,-9.419344325119507,-9.51237806625058,-9.605411807381653,-9.698445548512725,-9.791479289643798,-9.88451303077487,-9.977546771905942,-10.070580513037015,-10.163614254168088,-10.25664799529916,-10.349681736430233,-10.442715477561306,-10.535749218692377,-10.62878295982345,-10.721816700954523,-10.814850442085596,-10.907884183216668,-11.00091792434774,-11.093951665478814,-11.186985406609885,-11.280019147740958,-11.373052888872031,-11.466086630003103,-11.559120371134176,-11.652154112265249,-11.74518785339632,-11.838221594527393,-11.931255335658467,-12.024289076789538,-12.117322817920611,-12.210356559051684,-12.303390300182757,-12.396424041313828,-12.489457782444902,-12.582491523575975,-12.675525264707046,-12.768559005838119,-12.861592746969192,-12.954626488100264,-13.047660229231337,-13.14069397036241,-13.233727711493481,-13.326761452624554,-13.419795193755627,-13.5128289348867,-13.605862676017772,-13.698896417148845,-13.791930158279918,-13.88496389941099,-13.977997640542062,-14.071031381673135
-5.223589128795564,-5.316622869926637,-5.40965661105771,-5.502690352188782,-5.5957240933198555,-5.688757834450928,-5.781791575582,-5.874825316713073,-5.967859057844145,-6.060892798975218,-6.153926540106291,-6.246960281237363,-6.339994022368436,-6.433027763499508,-6.52606150463058,-6.619095245761653,-6.712128986892726,-6.805162728023799,-6.898196469154871,-6.991230210285944,-7.084263951417016,-7.1772976925480885,-7.270331433679162,-7.363365174810234,-7.456398915941307,-7.549432657072379,-7.642466398203451,-7.735500139334524,-7.828533880465597,-7.921567621596669,-8.014601362727742,-8.107635103858815,-8.200668844989886,-8.29370258612096,-8.386736327252033,-8.479770068383104,-8.572803809514177,-8.66583755064525,-8.758871291776323,-8.8519050329073945,-8.944938774038468,-9.03797251516954,-9.131006256300612,-9.224039997431685,-9.317073738562758,-9.41010747969383,-9.503141220824903,-9.596174961955976,-9.689208703087047,-9.78224244421812,-9.875276185349193,-9.968309926480265,-10.061343667611338,-10.15437740874241,-10.247411149873482,-10.340444891004555,-10.433478632135628,-10.526512373266701,-10.619546114397773,-10.712579855528846,-10.805613596659919,-10.89864733779099,-10.991681078922063,-11.084714820053136,-11.17774856118421,-11.270782302315281,-11.363816043446354,-11.456849784577427,-11.549883525708498,-11.642917266839572,-11.735951007970645,-11.828984749101716,-11.922018490232789,-12.015052231363862,-12.108085972494933,-12.201119713626007,-12.29415345475708,-12.387187195888151,-12.480220937019224,-12.573254678150297,-12.666288419281369,-12.759322160412442,-12.852355901543515,-12.945389642674588,-13.03842338380566,-13.131457124936732,-13.224490866067805,-13.317524607198877,-13.41055834832995,-13.503592089461023,-13.596625830592094,-13.689659571723167,-13.78269331285424,-13.875727053985312,-13.968760795116385,-14.061794536247458,-14.15482827737853,-14.247862018509602,-14.340895759640675,-14.433929500771747
-4.721272317759459,-4.814306058890531,-4.907339800021603,-5.000373541152676,-5.093407282283748,-5.186441023414821,-5.279474764545894,-5.372508505676966,-5.465542246808039,-5.558575987939111,-5.651609729070183,-5.7446434702012565,-5.837677211332329,-5.930710952463402,-6.023744693594474,-6.116778434725546,-6.209812175856619,-6.302845916987692,-6.395879658118764,-6.488913399249837,-6.581947140380909,-6.674980881511981,-6.768014622643054,-6.861048363774127,-6.9540821049052,-7.047115846036272,-7.140149587167344,-7.233183328298417,-7.3262170694294895,-7.419250810560562,-7.512284551691635,-7.605318292822707,-7.69835203395378,-7.791385775084852,-7.8844195162159245,-7.977453257346998,-8.07048699847807,-8.163520739609142,-8.256554480740215,-8.349588221871288,-8.44262196300236,-8.535655704133433,-8.628689445264506,-8.721723186395577,-8.81475692752665,-8.907790668657723,-9.000824409788796,-9.093858150919868,-9.18689189205094,-9.279925633182014,-9.372959374313085,-9.465993115444158,-9.559026856575231,-9.652060597706303,-9.745094338837376,-9.838128079968449,-9.93116182109952,-10.024195562230593,-10.117229303361666,-10.21026304449274,-10.303296785623811,-10.396330526754884,-10.489364267885957,-10.582398009017028,-10.675431750148102,-10.768465491279175,-10.861499232410246,-10.954532973541319,-11.047566714672392,-11.140600455803463,-11.233634196934537,-11.32666793806561,-11.419701679196681,-11.512735420327754,-11.605769161458827,-11.6988029025899,-11.791836643720972,-11.884870384852045,-11.977904125983118,-12.07093786711419,-12.163971608245262,-12.257005349376335,-12.350039090507407,-12.44307283163848,-12.536106572769553,-12.629140313900624,-12.722174055031697,-12.81520779616277,-12.908241537293842,-13.001275278424915,-13.094309019555988,-13.18734276068706,-13.280376501818132,-13.373410242949205,-13.466443984080279,-13.55947772521135,-13.652511466342423,-13.745545207473496,-13.838578948604567,-13.93161268973564
-4.6114793553490925,-4.704513096480165,-4.797546837611237,-4.890580578742309,-4.983614319873382,-5.076648061004454,-5.169681802135527,-5.2627155432666,-5.355749284397672,-5.448783025528744,-5.541816766659817,-5.6348505077908895,-5.727884248921963,-5.820917990053035,-5.913951731184107,-6.00698547231518,-6.100019213446252,-6.1930529545773245,-6.286086695708398,-6.37912043683947,-6.472154177970543,-6.565187919101615,-6.658221660232687,-6.7512554013637605,-6.844289142494833,-6.937322883625905,-7.030356624756978,-7.12339036588805,-7.216424107019122,-7.3094578481501955,-7.402491589281268,-7.495525330412341,-7.588559071543413,-7.681592812674485,-7.774626553805558,-7.8676602949366305,-7.960694036067704,-8.053727777198775,-8.146761518329848,-8.239795259460921,-8.332829000591994,-8.425862741723066,-8.518896482854139,-8.611930223985212,-8.704963965116283,-8.797997706247356,-8.89103144737843,-8.9840651885095,-9.077098929640574,-9.170132670771647,-9.263166411902718,-9.356200153033791,-9.449233894164864,-9.542267635295937,-9.635301376427009,-9.728335117558082,-9.821368858689153,-9.914402599820226,-10.0074363409513,-10.100470082082373,-10.193503823213444,-10.286537564344517,-10.37957130547559,-10.472605046606661,-10.565638787737734,-10.658672528868808,-10.751706269999879,-10.844740011130952,-10.937773752262025,-11.030807493393098,-11.12384123452417,-11.216874975655243,-11.309908716786316,-11.402942457917387,-11.49597619904846,-11.589009940179533,-11.682043681310605,-11.775077422441678,-11.86811116357275,-11.961144904703824,-12.054178645834895,-12.147212386965968,-12.240246128097041,-12.333279869228113,-12.426313610359186,-12.519347351490259,-12.61238109262133,-12.705414833752403,-12.798448574883476,-12.891482316014548,-12.98451605714562,-13.077549798276694,-13.170583539407765,-13.263617280538838,-13.356651021669911,-13.449684762800983,-13.542718503932056,-13.635752245063129,-13.7287859861942,-13.821819727325273
-4.821627653193,-4.914661394324073,-5.007695135455146,-5.100728876586218,-5.19376261771729,-5.286796358848362,-5.3798300999794355,-5.472863841110508,-5.565897582241581,-5.658931323372653,-5.751965064503725,-5.844998805634798,-5.9380325467658706,-6.031066287896943,-6.124100029028015,-6.217133770159088,-6.31016751129016,-6.403201252421233,-6.496234993552306,-6.589268734683378,-6.682302475814451,-6.775336216945523,-6.868369958076595,-6.961403699207668,-7.054437440338741,-7.147471181469814,-7.240504922600886,-7.333538663731958,-7.426572404863031,-7.5196061459941035,-7.612639887125176,-7.705673628256249,-7.798707369387321,-7.891741110518393,-7.984774851649466,-8.077808592780539,-8.170842333911612,-8.263876075042685,-8.356909816173756,-8.44994355730483,-8.542977298435902,-8.636011039566974,-8.729044780698047,-8.82207852182912,-8.915112262960191,-9.008146004091264,-9.101179745222337,-9.194213486353409,-9.287247227484482,-9.380280968615555,-9.473314709746628,-9.5663484508777,-9.659382192008772,-9.752415933139845,-9.845449674270917,-9.93848341540199,-10.031517156533063,-10.124550897664134,-10.217584638795207,-10.31061837992628,-10.403652121057352,-10.496685862188425,-10.589719603319498,-10.68275334445057,-10.775787085581642,-10.868820826712716,-10.961854567843789,-11.05488830897486,-11.147922050105933,-11.240955791237006,-11.333989532368077,-11.42702327349915,-11.520057014630224,-11.613090755761295,-11.706124496892368,-11.799158238023441,-11.892191979154513,-11.985225720285586,-12.078259461416659,-12.17129320254773,-12.264326943678803,-12.357360684809876,-12.450394425940948,-12.54342816707202,-12.636461908203094,-12.729495649334167,-12.822529390465238,-12.915563131596311,-13.008596872727384,-13.101630613858456,-13.194664354989529,-13.287698096120602,-13.380731837251673,-13.473765578382746,-13.56679931951382,-13.65983306064489,-13.752866801775964,-13.845900542907037,-13.938934284038108,-14.031968025169181
-4.584148707183274,-4.677182448314346,-4.770216189445418,-4.86324993057649,-4.956283671707563,-5.0493174128386356,-5.142351153969709,-5.235384895100781,-5.328418636231853,-5.421452377362926,-5.514486118493998,-5.607519859625071,-5.700553600756144,-5.793587341887216,-5.886621083018288,-5.979654824149361,-6.072688565280433,-6.1657223064115065,-6.258756047542579,-6.351789788673651,-6.444823529804724,-6.537857270935796,-6.6308910120668685,-6.723924753197942,-6.816958494329014,-6.909992235460086,-7.003025976591159,-7.096059717722231,-7.1890934588533035,-7.282127199984377,-7.375160941115449,-7.468194682246522,-7.561228423377594,-7.654262164508666,-7.7472959056397395,-7.840329646770812,-7.933363387901884,-8.026397129032956,-8.11943087016403,-8.212464611295102,-8.305498352426174,-8.398532093557247,-8.49156583468832,-8.584599575819391,-8.677633316950464,-8.770667058081537,-8.863700799212609,-8.956734540343682,-9.049768281474755,-9.142802022605828,-9.2358357637369,-9.328869504867972,-9.421903245999045,-9.514936987130117,-9.60797072826119,-9.701004469392263,-9.794038210523334,-9.887071951654407,-9.98010569278548,-10.073139433916552,-10.166173175047625,-10.259206916178698,-10.35224065730977,-10.445274398440842,-10.538308139571916,-10.631341880702989,-10.72437562183406,-10.817409362965133,-10.910443104096206,-11.003476845227278,-11.09651058635835,-11.189544327489424,-11.282578068620495,-11.375611809751568,-11.468645550882641,-11.561679292013713,-11.654713033144786,-11.747746774275859,-11.84078051540693,-11.933814256538003,-12.026847997669076,-12.119881738800148,-12.21291547993122,-12.305949221062294,-12.398982962193365,-12.492016703324438,-12.585050444455511,-12.678084185586584,-12.771117926717656,-12.864151667848729,-12.957185408979802,-13.050219150110873,-13.143252891241946,-13.23628663237302,-13.32932037350409,-13.422354114635164,-13.515387855766237,-13.608421596897308,-13.701455338028381,-13.794489079159455
-4.849385024879906,-4.942418766010978,-5.03545250714205,-5.128486248273123,-5.221519989404196,-5.314553730535268,-5.407587471666341,-5.500621212797413,-5.593654953928485,-5.6866886950595585,-5.779722436190631,-5.872756177321704,-5.965789918452776,-6.058823659583848,-6.151857400714921,-6.244891141845994,-6.337924882977066,-6.430958624108139,-6.523992365239211,-6.617026106370284,-6.710059847501356,-6.803093588632429,-6.896127329763502,-6.989161070894574,-7.082194812025647,-7.175228553156719,-7.2682622942877915,-7.361296035418865,-7.454329776549937,-7.547363517681009,-7.640397258812082,-7.733430999943154,-7.8264647410742265,-7.9194984822053,-8.012532223336372,-8.105565964467445,-8.198599705598516,-8.29163344672959,-8.384667187860662,-8.477700928991736,-8.570734670122807,-8.66376841125388,-8.756802152384953,-8.849835893516024,-8.9428696346470975,-9.03590337577817,-9.128937116909242,-9.221970858040315,-9.315004599171388,-9.40803834030246,-9.501072081433533,-9.594105822564606,-9.687139563695679,-9.78017330482675,-9.873207045957823,-9.966240787088896,-10.059274528219968,-10.15230826935104,-10.245342010482114,-10.338375751613185,-10.431409492744258,-10.524443233875331,-10.617476975006403,-10.710510716137476,-10.803544457268549,-10.89657819839962,-10.989611939530693,-11.082645680661766,-11.175679421792838,-11.26871316292391,-11.361746904054984,-11.454780645186057,-11.547814386317128,-11.640848127448201,-11.733881868579275,-11.826915609710346,-11.919949350841419,-12.012983091972492,-12.106016833103563,-12.199050574234636,-12.29208431536571,-12.38511805649678,-12.478151797627854,-12.571185538758927,-12.66421927989,-12.757253021021072,-12.850286762152145,-12.943320503283218,-13.036354244414289,-13.129387985545362,-13.222421726676435,-13.315455467807507,-13.40848920893858,-13.501522950069653,-13.594556691200724,-13.687590432331797,-13.78062417346287,-13.873657914593942,-13.966691655725015,-14.059725396856088
-4.557714327785011,-4.650748068916084,-4.743781810047156,-4.836815551178229,-4.929849292309301,-5.022883033440374,-5.1159167745714464,-5.208950515702519,-5.301984256833592,-5.395017997964664,-5.488051739095736,-5.581085480226809,-5.6741192213578815,-5.767152962488954,-5.860186703620027,-5.953220444751099,-6.046254185882171,-6.139287927013244,-6.2323216681443165,-6.32535540927539,-6.418389150406462,-6.511422891537534,-6.604456632668607,-6.697490373799679,-6.7905241149307525,-6.883557856061825,-6.976591597192898,-7.06962533832397,-7.162659079455042,-7.255692820586114,-7.3487265617171875,-7.44176030284826,-7.534794043979333,-7.627827785110405,-7.720861526241477,-7.81389526737255,-7.906929008503623,-7.999962749634695,-8.092996490765767,-8.18603023189684,-8.279063973027913,-8.372097714158986,-8.465131455290058,-8.55816519642113,-8.651198937552204,-8.744232678683275,-8.837266419814348,-8.930300160945421,-9.023333902076493,-9.116367643207566,-9.209401384338639,-9.30243512546971,-9.395468866600783,-9.488502607731856,-9.581536348862928,-9.674570089994,-9.767603831125074,-9.860637572256145,-9.953671313387218,-10.046705054518291,-10.139738795649365,-10.232772536780436,-10.325806277911509,-10.418840019042582,-10.511873760173653,-10.604907501304726,-10.6979412424358,-10.790974983566871,-10.884008724697944,-10.977042465829017,-11.07007620696009,-11.163109948091162,-11.256143689222235,-11.349177430353308,-11.442211171484379,-11.535244912615452,-11.628278653746525,-11.721312394877597,-11.81434613600867,-11.907379877139743,-12.000413618270814,-12.093447359401887,-12.18648110053296,-12.279514841664032,-12.372548582795105,-12.465582323926178,-12.55861606505725,-12.651649806188322,-12.744683547319395,-12.837717288450468,-12.93075102958154,-13.023784770712613,-13.116818511843686,-13.209852252974757,-13.30288599410583,-13.395919735236903,-13.488953476367975,-13.581987217499048,-13.675020958630121,-13.768054699761194
-4.609745433459885,-4.702779174590957,-4.7958129157220295,-4.888846656853103,-4.981880397984175,-5.074914139115247,-5.16794788024632,-5.260981621377392,-5.354015362508465,-5.447049103639538,-5.54008284477061,-5.633116585901683,-5.726150327032755,-5.819184068163828,-5.9122178092949005,-6.005251550425973,-6.098285291557046,-6.191319032688118,-6.284352773819191,-6.377386514950263,-6.4704202560813355,-6.563453997212409,-6.656487738343481,-6.749521479474553,-6.842555220605626,-6.935588961736698,-7.028622702867771,-7.121656443998844,-7.214690185129916,-7.307723926260989,-7.400757667392061,-7.493791408523133,-7.5868251496542065,-7.679858890785279,-7.772892631916351,-7.865926373047424,-7.958960114178496,-8.051993855309568,-8.145027596440642,-8.238061337571715,-8.331095078702786,-8.424128819833859,-8.517162560964932,-8.610196302096004,-8.703230043227077,-8.79626378435815,-8.889297525489221,-8.982331266620294,-9.075365007751367,-9.168398748882439,-9.261432490013512,-9.354466231144585,-9.447499972275656,-9.54053371340673,-9.633567454537802,-9.726601195668874,-9.819634936799947,-9.91266867793102,-10.005702419062093,-10.098736160193164,-10.191769901324237,-10.28480364245531,-10.377837383586382,-10.470871124717455,-10.563904865848528,-10.6569386069796,-10.749972348110672,-10.843006089241745,-10.936039830372817,-11.02907357150389,-11.122107312634963,-11.215141053766034,-11.308174794897107,-11.40120853602818,-11.494242277159252,-11.587276018290325,-11.680309759421398,-11.77334350055247,-11.866377241683542,-11.959410982814616,-12.052444723945687,-12.14547846507676,-12.238512206207833,-12.331545947338904,-12.424579688469978,-12.51761342960105,-12.610647170732124,-12.703680911863195,-12.796714652994268,-12.889748394125341,-12.982782135256413,-13.075815876387486,-13.168849617518559,-13.26188335864963,-13.354917099780703,-13.447950840911776,-13.540984582042848,-13.63401832317392,-13.727052064304994,-13.820085805436065
-5.131068856461418,-5.224102597592491,-5.317136338723564,-5.410170079854637,-5.503203820985709,-5.596237562116782,-5.689271303247854,-5.782305044378927,-5.875338785509999,-5.968372526641072,-6.061406267772145,-6.154440008903217,-6.24747375003429,-6.340507491165362,-6.4335412322964345,-6.526574973427508,-6.61960871455858,-6.712642455689653,-6.805676196820725,-6.898709937951798,-6.99174367908287,-7.084777420213943,-7.177811161345016,-7.270844902476088,-7.36387864360716,-7.456912384738233,-7.5499461258693055,-7.642979867000379,-7.736013608131451,-7.829047349262523,-7.922081090393596,-8.015114831524668,-8.108148572655741,-8.201182313786813,-8.294216054917886,-8.387249796048959,-8.48028353718003,-8.573317278311103,-8.666351019442176,-8.759384760573248,-8.85241850170432,-8.945452242835394,-9.038485983966467,-9.131519725097538,-9.224553466228611,-9.317587207359685,-9.410620948490756,-9.503654689621829,-9.596688430752902,-9.689722171883973,-9.782755913015047,-9.87578965414612,-9.968823395277191,-10.061857136408264,-10.154890877539337,-10.247924618670408,-10.340958359801482,-10.433992100932555,-10.527025842063626,-10.6200595831947,-10.713093324325772,-10.806127065456845,-10.899160806587917,-10.99219454771899,-11.085228288850063,-11.178262029981134,-11.271295771112207,-11.36432951224328,-11.457363253374352,-11.550396994505425,-11.643430735636498,-11.73646447676757,-11.829498217898642,-11.922531959029715,-12.015565700160787,-12.10859944129186,-12.201633182422933,-12.294666923554004,-12.387700664685077,-12.48073440581615,-12.573768146947222,-12.666801888078295,-12.759835629209368,-12.85286937034044,-12.945903111471512,-13.038936852602586,-13.131970593733659,-13.22500433486473,-13.318038075995803,-13.411071817126876,-13.504105558257947,-13.59713929938902,-13.690173040520094,-13.783206781651165,-13.876240522782238,-13.969274263913311,-14.062308005044382,-14.155341746175456,-14.248375487306529,-14.3414092284376
-4.964122408950685,-5.057156150081758,-5.150189891212831,-5.243223632343903,-5.336257373474976,-5.429291114606048,-5.5223248557371205,-5.615358596868193,-5.708392337999266,-5.801426079130338,-5.894459820261411,-5.987493561392483,-6.0805273025235564,-6.173561043654629,-6.266594784785701,-6.359628525916774,-6.452662267047846,-6.545696008178918,-6.6387297493099915,-6.731763490441064,-6.824797231572137,-6.917830972703209,-7.010864713834281,-7.103898454965353,-7.1969321960964265,-7.289965937227499,-7.382999678358572,-7.476033419489644,-7.569067160620717,-7.662100901751789,-7.755134642882862,-7.848168384013935,-7.941202125145007,-8.034235866276079,-8.127269607407152,-8.220303348538225,-8.313337089669297,-8.40637083080037,-8.499404571931443,-8.592438313062514,-8.685472054193587,-8.77850579532466,-8.871539536455732,-8.964573277586805,-9.057607018717878,-9.15064075984895,-9.243674500980022,-9.336708242111095,-9.429741983242169,-9.52277572437324,-9.615809465504313,-9.708843206635386,-9.801876947766457,-9.89491068889753,-9.987944430028604,-10.080978171159675,-10.174011912290748,-10.267045653421821,-10.360079394552892,-10.453113135683965,-10.546146876815039,-10.63918061794611,-10.732214359077183,-10.825248100208256,-10.918281841339327,-11.0113155824704,-11.104349323601474,-11.197383064732545,-11.290416805863618,-11.383450546994691,-11.476484288125762,-11.569518029256836,-11.662551770387909,-11.755585511518982,-11.848619252650053,-11.941652993781126,-12.0346867349122,-12.12772047604327,-12.220754217174344,-12.313787958305417,-12.406821699436488,-12.499855440567561,-12.592889181698634,-12.685922922829706,-12.778956663960779,-12.871990405091852,-12.965024146222925,-13.058057887353996,-13.15109162848507,-13.244125369616143,-13.337159110747214,-13.430192851878287,-13.52322659300936,-13.616260334140431,-13.709294075271504,-13.802327816402578,-13.895361557533649,-13.988395298664722,-14.081429039795795,-14.174462780926866
-5.228882733235351,-5.321916474366423,-5.4149502154974956,-5.507983956628568,-5.601017697759641,-5.694051438890713,-5.787085180021786,-5.880118921152858,-5.973152662283931,-6.066186403415004,-6.159220144546076,-6.252253885677148,-6.345287626808221,-6.438321367939293,-6.531355109070366,-6.624388850201439,-6.717422591332511,-6.810456332463583,-6.903490073594656,-6.9965238147257285,-7.089557555856802,-7.182591296987874,-7.275625038118946,-7.368658779250019,-7.461692520381091,-7.554726261512164,-7.647760002643237,-7.740793743774309,-7.833827484905382,-7.926861226036454,-8.019894967167527,-8.112928708298599,-8.205962449429672,-8.298996190560745,-8.392029931691816,-8.48506367282289,-8.578097413953962,-8.671131155085034,-8.764164896216107,-8.85719863734718,-8.950232378478253,-9.043266119609324,-9.136299860740397,-9.22933360187147,-9.322367343002542,-9.415401084133615,-9.508434825264688,-9.60146856639576,-9.694502307526832,-9.787536048657905,-9.880569789788979,-9.97360353092005,-10.066637272051123,-10.159671013182196,-10.252704754313267,-10.34573849544434,-10.438772236575414,-10.531805977706485,-10.624839718837558,-10.717873459968631,-10.810907201099702,-10.903940942230776,-10.996974683361849,-11.090008424492922,-11.183042165623993,-11.276075906755066,-11.36910964788614,-11.46214338901721,-11.555177130148284,-11.648210871279357,-11.741244612410428,-11.834278353541501,-11.927312094672574,-12.020345835803646,-12.113379576934719,-12.206413318065792,-12.299447059196863,-12.392480800327936,-12.48551454145901,-12.578548282590083,-12.671582023721154,-12.764615764852227,-12.8576495059833,-12.950683247114371,-13.043716988245444,-13.136750729376518,-13.229784470507589,-13.322818211638662,-13.415851952769735,-13.508885693900806,-13.60191943503188,-13.694953176162953,-13.787986917294024,-13.881020658425097,-13.97405439955617,-14.067088140687241,-14.160121881818315,-14.253155622949388,-14.346189364080459,-14.439223105211532
-4.821329072068547,-4.91436281319962,-5.007396554330693,-5.1004302954617655,-5.193464036592839,-5.286497777723911,-5.379531518854983,-5.472565259986056,-5.565599001117128,-5.658632742248201,-5.751666483379274,-5.844700224510346,-5.937733965641418,-6.030767706772491,-6.123801447903563,-6.216835189034636,-6.309868930165709,-6.402902671296781,-6.495936412427854,-6.588970153558926,-6.6820038946899984,-6.7750376358210715,-6.868071376952144,-6.961105118083216,-7.054138859214289,-7.147172600345361,-7.2402063414764335,-7.333240082607507,-7.426273823738579,-7.519307564869652,-7.612341306000724,-7.705375047131796,-7.798408788262869,-7.891442529393942,-7.984476270525014,-8.077510011656086,-8.17054375278716,-8.263577493918232,-8.356611235049304,-8.449644976180377,-8.54267871731145,-8.635712458442521,-8.728746199573594,-8.821779940704667,-8.91481368183574,-9.007847422966812,-9.100881164097885,-9.193914905228958,-9.28694864636003,-9.379982387491102,-9.473016128622175,-9.566049869753247,-9.65908361088432,-9.752117352015393,-9.845151093146464,-9.938184834277537,-10.03121857540861,-10.124252316539682,-10.217286057670755,-10.310319798801828,-10.4033535399329,-10.496387281063972,-10.589421022195046,-10.682454763326119,-10.77548850445719,-10.868522245588263,-10.961555986719336,-11.054589727850407,-11.14762346898148,-11.240657210112554,-11.333690951243625,-11.426724692374698,-11.519758433505771,-11.612792174636843,-11.705825915767916,-11.798859656898989,-11.891893398030062,-11.984927139161133,-12.077960880292206,-12.17099462142328,-12.26402836255435,-12.357062103685424,-12.450095844816497,-12.543129585947568,-12.636163327078641,-12.729197068209714,-12.822230809340786,-12.915264550471859,-13.008298291602932,-13.101332032734005,-13.194365773865076,-13.28739951499615,-13.380433256127223,-13.473466997258294,-13.566500738389367,-13.65953447952044,-13.752568220651511,-13.845601961782585,-13.938635702913658,-14.031669444044729
-4.639865251134942,-4.732898992266015,-4.825932733397088,-4.91896647452816,-5.012000215659232,-5.105033956790305,-5.198067697921378,-5.29110143905245,-5.384135180183523,-5.477168921314595,-5.570202662445668,-5.66323640357674,-5.756270144707813,-5.849303885838886,-5.942337626969958,-6.035371368101031,-6.128405109232103,-6.2214388503631755,-6.3144725914942486,-6.407506332625321,-6.500540073756393,-6.593573814887466,-6.686607556018538,-6.7796412971496105,-6.872675038280684,-6.965708779411756,-7.058742520542829,-7.151776261673901,-7.244810002804973,-7.337843743936046,-7.430877485067119,-7.523911226198191,-7.616944967329264,-7.709978708460336,-7.803012449591408,-7.8960461907224815,-7.989079931853554,-8.082113672984626,-8.175147414115699,-8.268181155246772,-8.361214896377843,-8.454248637508917,-8.54728237863999,-8.640316119771061,-8.733349860902134,-8.826383602033207,-8.91941734316428,-9.012451084295352,-9.105484825426425,-9.198518566557498,-9.291552307688569,-9.384586048819642,-9.477619789950715,-9.570653531081787,-9.66368727221286,-9.756721013343933,-9.849754754475004,-9.942788495606077,-10.03582223673715,-10.128855977868222,-10.221889718999295,-10.314923460130368,-10.40795720126144,-10.500990942392512,-10.594024683523585,-10.687058424654657,-10.78009216578573,-10.873125906916803,-10.966159648047876,-11.059193389178947,-11.15222713031002,-11.245260871441094,-11.338294612572165,-11.431328353703238,-11.524362094834311,-11.617395835965382,-11.710429577096455,-11.803463318227529,-11.8964970593586,-11.989530800489673,-12.082564541620746,-12.175598282751817,-12.26863202388289,-12.361665765013964,-12.454699506145035,-12.547733247276108,-12.640766988407181,-12.733800729538254,-12.826834470669326,-12.919868211800399,-13.012901952931472,-13.105935694062543,-13.198969435193616,-13.29200317632469,-13.38503691745576,-13.478070658586834,-13.571104399717907,-13.664138140848978,-13.757171881980051,-13.850205623111124
-5.520612179922635,-5.613645921053707,-5.706679662184779,-5.799713403315852,-5.892747144446925,-5.985780885577998,-6.07881462670907,-6.171848367840142,-6.264882108971215,-6.357915850102287,-6.4509495912333605,-6.543983332364433,-6.637017073495505,-6.730050814626578,-6.82308455575765,-6.9161182968887225,-7.009152038019796,-7.102185779150868,-7.19521952028194,-7.288253261413013,-7.381287002544085,-7.474320743675158,-7.567354484806231,-7.660388225937303,-7.753421967068376,-7.846455708199448,-7.939489449330521,-8.032523190461594,-8.125556931592666,-8.218590672723739,-8.311624413854812,-8.404658154985883,-8.497691896116956,-8.59072563724803,-8.6837593783791,-8.776793119510174,-8.869826860641247,-8.962860601772318,-9.055894342903391,-9.148928084034464,-9.241961825165538,-9.334995566296609,-9.428029307427682,-9.521063048558755,-9.614096789689826,-9.7071305308209,-9.800164271951973,-9.893198013083044,-9.986231754214117,-10.07926549534519,-10.172299236476261,-10.265332977607335,-10.358366718738408,-10.451400459869479,-10.544434201000552,-10.637467942131625,-10.730501683262696,-10.82353542439377,-10.916569165524843,-11.009602906655914,-11.102636647786987,-11.19567038891806,-11.288704130049133,-11.381737871180205,-11.474771612311278,-11.56780535344235,-11.660839094573422,-11.753872835704495,-11.846906576835568,-11.93994031796664,-12.032974059097713,-12.126007800228786,-12.219041541359857,-12.31207528249093,-12.405109023622003,-12.498142764753075,-12.591176505884148,-12.684210247015221,-12.777243988146292,-12.870277729277365,-12.963311470408438,-13.056345211539512,-13.149378952670583,-13.242412693801656,-13.335446434932729,-13.4284801760638,-13.521513917194873,-13.614547658325947,-13.707581399457018,-13.800615140588091,-13.893648881719164,-13.986682622850235,-14.079716363981309,-14.172750105112382,-14.265783846243453,-14.358817587374526,-14.4518513285056,-14.54488506963667,-14.637918810767744,-14.730952551898817
-5.182723957494971,-5.275757698626044,-5.368791439757117,-5.461825180888189,-5.554858922019261,-5.647892663150334,-5.7409264042814065,-5.83396014541248,-5.926993886543552,-6.020027627674624,-6.113061368805697,-6.206095109936769,-6.299128851067842,-6.392162592198915,-6.485196333329987,-6.57823007446106,-6.671263815592132,-6.764297556723204,-6.8573312978542775,-6.95036503898535,-7.043398780116422,-7.136432521247495,-7.229466262378567,-7.32250000350964,-7.415533744640713,-7.508567485771786,-7.601601226902858,-7.69463496803393,-7.787668709165003,-7.880702450296075,-7.973736191427148,-8.06676993255822,-8.159803673689293,-8.252837414820366,-8.345871155951437,-8.43890489708251,-8.531938638213584,-8.624972379344655,-8.718006120475728,-8.811039861606801,-8.904073602737872,-8.997107343868946,-9.090141085000019,-9.18317482613109,-9.276208567262163,-9.369242308393236,-9.46227604952431,-9.55530979065538,-9.648343531786454,-9.741377272917527,-9.834411014048598,-9.927444755179671,-10.020478496310744,-10.113512237441816,-10.206545978572889,-10.299579719703962,-10.392613460835033,-10.485647201966106,-10.57868094309718,-10.67171468422825,-10.764748425359324,-10.857782166490397,-10.950815907621468,-11.043849648752541,-11.136883389883614,-11.229917131014687,-11.322950872145759,-11.415984613276832,-11.509018354407905,-11.602052095538976,-11.69508583667005,-11.788119577801123,-11.881153318932194,-11.974187060063267,-12.06722080119434,-12.160254542325411,-12.253288283456484,-12.346322024587558,-12.439355765718629,-12.532389506849702,-12.625423247980775,-12.718456989111848,-12.81149073024292,-12.904524471373993,-12.997558212505066,-13.090591953636137,-13.18362569476721,-13.276659435898283,-13.369693177029355,-13.462726918160428,-13.5557606592915,-13.648794400422572,-13.741828141553645,-13.834861882684718,-13.927895623815791,-14.020929364946863,-14.113963106077936,-14.206996847209009,-14.30003058834008,-14.393064329471153
-4.8498548018935805,-4.942888543024654,-5.035922284155727,-5.128956025286799,-5.221989766417871,-5.315023507548944,-5.4080572486800165,-5.501090989811089,-5.594124730942162,-5.687158472073234,-5.780192213204307,-5.873225954335379,-5.9662596954664515,-6.059293436597525,-6.152327177728597,-6.245360918859669,-6.338394659990742,-6.431428401121814,-6.5244621422528875,-6.61749588338396,-6.710529624515033,-6.803563365646105,-6.896597106777177,-6.989630847908249,-7.0826645890393225,-7.175698330170395,-7.268732071301468,-7.36176581243254,-7.454799553563612,-7.547833294694685,-7.6408670358257575,-7.73390077695683,-7.826934518087903,-7.919968259218975,-8.013002000350047,-8.10603574148112,-8.199069482612193,-8.292103223743265,-8.385136964874338,-8.478170706005411,-8.571204447136484,-8.664238188267555,-8.757271929398629,-8.850305670529702,-8.943339411660773,-9.036373152791846,-9.12940689392292,-9.22244063505399,-9.315474376185064,-9.408508117316137,-9.501541858447208,-9.594575599578281,-9.687609340709354,-9.780643081840426,-9.873676822971499,-9.966710564102572,-10.059744305233643,-10.152778046364716,-10.24581178749579,-10.33884552862686,-10.431879269757934,-10.524913010889007,-10.617946752020078,-10.710980493151151,-10.804014234282224,-10.897047975413296,-10.990081716544369,-11.083115457675442,-11.176149198806513,-11.269182939937586,-11.36221668106866,-11.45525042219973,-11.548284163330804,-11.641317904461877,-11.73435164559295,-11.827385386724021,-11.920419127855094,-12.013452868986167,-12.106486610117239,-12.199520351248312,-12.292554092379385,-12.385587833510456,-12.47862157464153,-12.571655315772603,-12.664689056903676,-12.757722798034747,-12.85075653916582,-12.943790280296893,-13.036824021427964,-13.129857762559038,-13.22289150369011,-13.315925244821182,-13.408958985952255,-13.501992727083328,-13.5950264682144,-13.688060209345473,-13.781093950476546,-13.874127691607619,-13.96716143273869,-14.060195173869763
-4.695650271849685,-4.788684012980757,-4.881717754111829,-4.974751495242901,-5.067785236373974,-5.160818977505047,-5.253852718636119,-5.346886459767192,-5.439920200898264,-5.532953942029337,-5.625987683160409,-5.719021424291482,-5.812055165422555,-5.905088906553627,-5.9981226476847,-6.091156388815772,-6.1841901299468445,-6.277223871077918,-6.37025761220899,-6.463291353340062,-6.556325094471135,-6.649358835602207,-6.74239257673328,-6.835426317864353,-6.928460058995426,-7.021493800126498,-7.11452754125757,-7.207561282388643,-7.3005950235197155,-7.393628764650788,-7.486662505781861,-7.579696246912933,-7.672729988044006,-7.765763729175078,-7.8587974703061505,-7.951831211437224,-8.044864952568295,-8.137898693699368,-8.230932434830441,-8.323966175961514,-8.416999917092586,-8.510033658223659,-8.603067399354732,-8.696101140485803,-8.789134881616876,-8.88216862274795,-8.97520236387902,-9.068236105010094,-9.161269846141167,-9.254303587272238,-9.347337328403311,-9.440371069534384,-9.533404810665456,-9.626438551796529,-9.719472292927602,-9.812506034058675,-9.905539775189746,-9.99857351632082,-10.091607257451892,-10.184640998582964,-10.277674739714037,-10.37070848084511,-10.463742221976181,-10.556775963107254,-10.649809704238328,-10.742843445369399,-10.835877186500472,-10.928910927631545,-11.021944668762616,-11.11497840989369,-11.208012151024763,-11.301045892155834,-11.394079633286907,-11.48711337441798,-11.580147115549051,-11.673180856680125,-11.766214597811198,-11.85924833894227,-11.952282080073342,-12.045315821204415,-12.138349562335488,-12.23138330346656,-12.324417044597633,-12.417450785728706,-12.510484526859777,-12.60351826799085,-12.696552009121923,-12.789585750252995,-12.882619491384068,-12.97565323251514,-13.068686973646212,-13.161720714777285,-13.254754455908358,-13.347788197039431,-13.440821938170503,-13.533855679301576,-13.626889420432649,-13.71992316156372,-13.812956902694793,-13.905990643825866
-4.7012760888178855,-4.794309829948958,-4.88734357108003,-4.980377312211102,-5.073411053342175,-5.1664447944732474,-5.2594785356043205,-5.352512276735393,-5.445546017866465,-5.538579758997538,-5.63161350012861,-5.7246472412596825,-5.817680982390756,-5.910714723521828,-6.0037484646529,-6.096782205783973,-6.189815946915045,-6.282849688046118,-6.375883429177191,-6.468917170308263,-6.561950911439336,-6.654984652570408,-6.74801839370148,-6.8410521348325535,-6.934085875963626,-7.027119617094698,-7.120153358225771,-7.213187099356843,-7.306220840487916,-7.3992545816189885,-7.492288322750061,-7.585322063881134,-7.678355805012206,-7.771389546143278,-7.864423287274351,-7.957457028405424,-8.050490769536497,-8.143524510667568,-8.236558251798641,-8.329591992929714,-8.422625734060787,-8.515659475191859,-8.608693216322932,-8.701726957454005,-8.794760698585076,-8.88779443971615,-8.980828180847222,-9.073861921978294,-9.166895663109367,-9.25992940424044,-9.352963145371511,-9.445996886502584,-9.539030627633657,-9.632064368764729,-9.725098109895802,-9.818131851026875,-9.911165592157946,-10.00419933328902,-10.097233074420092,-10.190266815551164,-10.283300556682237,-10.37633429781331,-10.469368038944381,-10.562401780075454,-10.655435521206527,-10.7484692623376,-10.841503003468672,-10.934536744599745,-11.027570485730816,-11.12060422686189,-11.213637967992963,-11.306671709124036,-11.399705450255107,-11.49273919138618,-11.585772932517253,-11.678806673648324,-11.771840414779398,-11.86487415591047,-11.957907897041542,-12.050941638172615,-12.143975379303688,-12.23700912043476,-12.330042861565833,-12.423076602696906,-12.516110343827979,-12.60914408495905,-12.702177826090123,-12.795211567221196,-12.888245308352268,-12.98127904948334,-13.074312790614414,-13.167346531745485,-13.260380272876558,-13.353414014007631,-13.446447755138703,-13.539481496269776,-13.632515237400849,-13.72554897853192,-13.818582719662993,-13.911616460794066
-4.728487095129833,-4.821520836260906,-4.914554577391979,-5.007588318523052,-5.100622059654125,-5.193655800785197,-5.286689541916269,-5.379723283047342,-5.4727570241784145,-5.565790765309487,-5.65882450644056,-5.751858247571632,-5.844891988702705,-5.937925729833777,-6.0309594709648495,-6.123993212095923,-6.217026953226995,-6.310060694358067,-6.40309443548914,-6.496128176620212,-6.5891619177512855,-6.682195658882358,-6.77522940001343,-6.868263141144503,-6.961296882275575,-7.054330623406648,-7.1473643645377205,-7.240398105668793,-7.333431846799866,-7.426465587930938,-7.51949932906201,-7.612533070193083,-7.7055668113241556,-7.798600552455229,-7.891634293586301,-7.984668034717373,-8.077701775848446,-8.1707355169795175,-8.26376925811059,-8.356802999241664,-8.449836740372735,-8.542870481503808,-8.635904222634881,-8.728937963765954,-8.821971704897026,-8.915005446028099,-9.008039187159172,-9.101072928290243,-9.194106669421316,-9.28714041055239,-9.38017415168346,-9.473207892814534,-9.566241633945607,-9.659275375076678,-9.752309116207751,-9.845342857338824,-9.938376598469896,-10.031410339600969,-10.124444080732042,-10.217477821863113,-10.310511562994186,-10.40354530412526,-10.49657904525633,-10.589612786387404,-10.682646527518477,-10.775680268649548,-10.868714009780621,-10.961747750911695,-11.054781492042768,-11.147815233173839,-11.240848974304912,-11.333882715435985,-11.426916456567056,-11.51995019769813,-11.612983938829203,-11.706017679960274,-11.799051421091347,-11.89208516222242,-11.985118903353493,-12.078152644484565,-12.171186385615638,-12.26422012674671,-12.357253867877782,-12.450287609008855,-12.543321350139928,-12.636355091271,-12.729388832402073,-12.822422573533146,-12.915456314664217,-13.00849005579529,-13.101523796926363,-13.194557538057435,-13.287591279188508,-13.380625020319581,-13.473658761450654,-13.566692502581725,-13.659726243712798,-13.752759984843872,-13.845793725974943,-13.938827467106016
-4.758175227827817,-4.851208968958889,-4.944242710089961,-5.037276451221034,-5.130310192352106,-5.223343933483179,-5.316377674614252,-5.409411415745324,-5.502445156876396,-5.595478898007469,-5.688512639138541,-5.7815463802696145,-5.874580121400687,-5.967613862531759,-6.060647603662832,-6.153681344793904,-6.2467150859249765,-6.33974882705605,-6.432782568187122,-6.525816309318195,-6.618850050449267,-6.711883791580339,-6.804917532711412,-6.897951273842485,-6.990985014973558,-7.08401875610463,-7.177052497235702,-7.270086238366775,-7.3631199794978475,-7.45615372062892,-7.549187461759993,-7.642221202891065,-7.735254944022137,-7.82828868515321,-7.9213224262842825,-8.014356167415356,-8.107389908546427,-8.2004236496775,-8.293457390808573,-8.386491131939644,-8.479524873070718,-8.57255861420179,-8.665592355332862,-8.758626096463935,-8.851659837595008,-8.94469357872608,-9.037727319857153,-9.130761060988226,-9.223794802119297,-9.31682854325037,-9.409862284381443,-9.502896025512516,-9.595929766643588,-9.68896350777466,-9.781997248905734,-9.875030990036805,-9.968064731167878,-10.061098472298951,-10.154132213430023,-10.247165954561096,-10.340199695692169,-10.43323343682324,-10.526267177954313,-10.619300919085386,-10.71233466021646,-10.80536840134753,-10.898402142478604,-10.991435883609677,-11.084469624740748,-11.177503365871821,-11.270537107002895,-11.363570848133966,-11.456604589265039,-11.549638330396112,-11.642672071527185,-11.735705812658257,-11.82873955378933,-11.921773294920403,-12.014807036051474,-12.107840777182547,-12.20087451831362,-12.293908259444692,-12.386942000575765,-12.479975741706838,-12.573009482837909,-12.666043223968982,-12.759076965100055,-12.852110706231128,-12.9451444473622,-13.038178188493273,-13.131211929624346,-13.224245670755417,-13.31727941188649,-13.410313153017563,-13.503346894148635,-13.596380635279708,-13.689414376410781,-13.782448117541852,-13.875481858672925,-13.968515599803998
-4.757664319973636,-4.850698061104709,-4.943731802235782,-5.036765543366855,-5.129799284497927,-5.222833025629,-5.315866766760072,-5.408900507891145,-5.501934249022217,-5.59496799015329,-5.688001731284363,-5.781035472415435,-5.874069213546508,-5.96710295467758,-6.060136695808652,-6.1531704369397255,-6.246204178070798,-6.33923791920187,-6.432271660332943,-6.525305401464015,-6.618339142595088,-6.711372883726161,-6.804406624857233,-6.897440365988306,-6.990474107119378,-7.08350784825045,-7.176541589381523,-7.269575330512596,-7.362609071643669,-7.455642812774741,-7.548676553905813,-7.641710295036886,-7.7347440361679585,-7.827777777299032,-7.920811518430104,-8.013845259561176,-8.106879000692249,-8.199912741823322,-8.292946482954394,-8.385980224085467,-8.47901396521654,-8.572047706347611,-8.665081447478684,-8.758115188609757,-8.851148929740829,-8.944182670871902,-9.037216412002975,-9.130250153134046,-9.22328389426512,-9.316317635396192,-9.409351376527264,-9.502385117658337,-9.59541885878941,-9.688452599920481,-9.781486341051554,-9.874520082182627,-9.967553823313699,-10.060587564444772,-10.153621305575845,-10.246655046706918,-10.33968878783799,-10.432722528969062,-10.525756270100135,-10.618790011231207,-10.71182375236228,-10.804857493493353,-10.897891234624424,-10.990924975755497,-11.08395871688657,-11.176992458017642,-11.270026199148715,-11.363059940279788,-11.45609368141086,-11.549127422541932,-11.642161163673006,-11.735194904804077,-11.82822864593515,-11.921262387066223,-12.014296128197294,-12.107329869328368,-12.20036361045944,-12.293397351590512,-12.386431092721585,-12.479464833852658,-12.572498574983731,-12.665532316114803,-12.758566057245876,-12.851599798376949,-12.94463353950802,-13.037667280639093,-13.130701021770166,-13.223734762901238,-13.31676850403231,-13.409802245163384,-13.502835986294455,-13.595869727425528,-13.688903468556601,-13.781937209687674,-13.874970950818746,-13.968004691949819
-4.535512153947467,-4.628545895078539,-4.721579636209611,-4.814613377340684,-4.907647118471757,-5.000680859602829,-5.093714600733902,-5.186748341864974,-5.2797820829960465,-5.3728158241271196,-5.465849565258192,-5.558883306389264,-5.651917047520337,-5.744950788651409,-5.837984529782482,-5.931018270913555,-6.024052012044627,-6.1170857531757,-6.210119494306772,-6.303153235437845,-6.396186976568917,-6.48922071769999,-6.582254458831063,-6.675288199962135,-6.768321941093207,-6.86135568222428,-6.9543894233553525,-7.047423164486425,-7.140456905617498,-7.23349064674857,-7.326524387879642,-7.419558129010715,-7.5125918701417875,-7.605625611272861,-7.698659352403933,-7.791693093535005,-7.884726834666078,-7.97776057579715,-8.070794316928223,-8.163828058059295,-8.256861799190368,-8.349895540321441,-8.442929281452512,-8.535963022583585,-8.628996763714659,-8.72203050484573,-8.815064245976803,-8.908097987107876,-9.001131728238947,-9.09416546937002,-9.187199210501094,-9.280232951632165,-9.373266692763238,-9.466300433894311,-9.559334175025382,-9.652367916156456,-9.745401657287529,-9.838435398418602,-9.931469139549673,-10.024502880680746,-10.11753662181182,-10.21057036294289,-10.303604104073964,-10.396637845205037,-10.489671586336108,-10.582705327467181,-10.675739068598254,-10.768772809729326,-10.861806550860399,-10.954840291991472,-11.047874033122543,-11.140907774253616,-11.23394151538469,-11.32697525651576,-11.420008997646834,-11.513042738777907,-11.606076479908978,-11.699110221040051,-11.792143962171124,-11.885177703302197,-11.978211444433269,-12.071245185564342,-12.164278926695415,-12.257312667826486,-12.35034640895756,-12.443380150088633,-12.536413891219704,-12.629447632350777,-12.72248137348185,-12.815515114612921,-12.908548855743994,-13.001582596875068,-13.094616338006139,-13.187650079137212,-13.280683820268285,-13.373717561399356,-13.46675130253043,-13.559785043661503,-13.652818784792574,-13.745852525923647
-4.968145741308644,-5.061179482439716,-5.154213223570788,-5.24724696470186,-5.340280705832933,-5.433314446964006,-5.526348188095079,-5.619381929226151,-5.712415670357223,-5.805449411488296,-5.898483152619368,-5.991516893750441,-6.084550634881514,-6.177584376012586,-6.270618117143659,-6.363651858274731,-6.4566855994058034,-6.5497193405368765,-6.642753081667949,-6.735786822799021,-6.828820563930094,-6.921854305061166,-7.0148880461922385,-7.107921787323312,-7.200955528454384,-7.293989269585456,-7.387023010716529,-7.480056751847601,-7.573090492978674,-7.666124234109747,-7.75915797524082,-7.852191716371892,-7.945225457502964,-8.038259198634037,-8.13129293976511,-8.224326680896182,-8.317360422027255,-8.410394163158326,-8.5034279042894,-8.596461645420472,-8.689495386551544,-8.782529127682617,-8.87556286881369,-8.968596609944761,-9.061630351075834,-9.154664092206907,-9.24769783333798,-9.340731574469052,-9.433765315600125,-9.526799056731198,-9.61983279786227,-9.712866538993342,-9.805900280124416,-9.898934021255487,-9.99196776238656,-10.085001503517633,-10.178035244648704,-10.271068985779777,-10.36410272691085,-10.457136468041922,-10.550170209172995,-10.643203950304068,-10.73623769143514,-10.829271432566212,-10.922305173697286,-11.015338914828357,-11.10837265595943,-11.201406397090503,-11.294440138221574,-11.387473879352648,-11.48050762048372,-11.573541361614794,-11.666575102745865,-11.759608843876938,-11.852642585008011,-11.945676326139083,-12.038710067270156,-12.131743808401229,-12.2247775495323,-12.317811290663373,-12.410845031794446,-12.503878772925518,-12.59691251405659,-12.689946255187664,-12.782979996318737,-12.876013737449808,-12.969047478580881,-13.062081219711954,-13.155114960843026,-13.248148701974099,-13.341182443105172,-13.434216184236243,-13.527249925367316,-13.62028366649839,-13.71331740762946,-13.806351148760534,-13.899384889891607,-13.992418631022678,-14.085452372153751,-14.178486113284825
-4.964896987734997,-5.05793072886607,-5.1509644699971435,-5.243998211128216,-5.337031952259288,-5.430065693390361,-5.523099434521433,-5.6161331756525055,-5.709166916783579,-5.802200657914651,-5.895234399045723,-5.988268140176796,-6.081301881307868,-6.174335622438941,-6.267369363570014,-6.360403104701087,-6.453436845832159,-6.546470586963231,-6.639504328094304,-6.7325380692253765,-6.825571810356449,-6.918605551487522,-7.011639292618594,-7.104673033749666,-7.197706774880739,-7.2907405160118115,-7.383774257142884,-7.476807998273957,-7.569841739405029,-7.662875480536101,-7.755909221667174,-7.8489429627982465,-7.941976703929319,-8.035010445060392,-8.128044186191465,-8.221077927322536,-8.31411166845361,-8.407145409584682,-8.500179150715754,-8.593212891846827,-8.6862466329779,-8.779280374108973,-8.872314115240044,-8.965347856371118,-9.05838159750219,-9.151415338633262,-9.244449079764335,-9.337482820895408,-9.43051656202648,-9.523550303157553,-9.616584044288626,-9.709617785419697,-9.80265152655077,-9.895685267681843,-9.988719008812916,-10.081752749943988,-10.17478649107506,-10.267820232206132,-10.360853973337205,-10.453887714468278,-10.546921455599351,-10.639955196730423,-10.732988937861496,-10.826022678992569,-10.91905642012364,-11.012090161254713,-11.105123902385786,-11.198157643516858,-11.29119138464793,-11.384225125779004,-11.477258866910075,-11.570292608041148,-11.663326349172221,-11.756360090303295,-11.849393831434366,-11.942427572565439,-12.035461313696512,-12.128495054827583,-12.221528795958656,-12.31456253708973,-12.407596278220801,-12.500630019351874,-12.593663760482947,-12.686697501614018,-12.779731242745092,-12.872764983876165,-12.965798725007236,-13.058832466138309,-13.151866207269382,-13.244899948400455,-13.337933689531527,-13.4309674306626,-13.524001171793673,-13.617034912924744,-13.710068654055817,-13.80310239518689,-13.896136136317962,-13.989169877449035,-14.082203618580108,-14.17523735971118
-4.788696367266563,-4.881730108397635,-4.974763849528707,-5.067797590659779,-5.1608313317908525,-5.253865072921925,-5.346898814052997,-5.43993255518407,-5.532966296315142,-5.6260000374462145,-5.719033778577288,-5.81206751970836,-5.905101260839432,-5.998135001970505,-6.091168743101577,-6.1842024842326495,-6.277236225363723,-6.370269966494795,-6.463303707625867,-6.55633744875694,-6.649371189888012,-6.7424049310190854,-6.835438672150158,-6.92847241328123,-7.021506154412303,-7.114539895543375,-7.207573636674447,-7.3006073778055205,-7.393641118936593,-7.486674860067666,-7.579708601198738,-7.67274234232981,-7.765776083460883,-7.8588098245919555,-7.951843565723028,-8.0448773068541,-8.137911047985172,-8.230944789116245,-8.323978530247318,-8.417012271378391,-8.510046012509463,-8.603079753640536,-8.696113494771609,-8.78914723590268,-8.882180977033753,-8.975214718164827,-9.068248459295898,-9.161282200426971,-9.254315941558044,-9.347349682689115,-9.440383423820188,-9.533417164951262,-9.626450906082333,-9.719484647213406,-9.812518388344479,-9.90555212947555,-9.998585870606624,-10.091619611737697,-10.184653352868768,-10.277687093999841,-10.370720835130914,-10.463754576261985,-10.556788317393059,-10.649822058524132,-10.742855799655205,-10.835889540786276,-10.92892328191735,-11.021957023048422,-11.114990764179494,-11.208024505310567,-11.30105824644164,-11.394091987572711,-11.487125728703784,-11.580159469834857,-11.673193210965929,-11.766226952097002,-11.859260693228075,-11.952294434359146,-12.04532817549022,-12.138361916621292,-12.231395657752365,-12.324429398883437,-12.41746314001451,-12.510496881145583,-12.603530622276654,-12.696564363407727,-12.7895981045388,-12.882631845669872,-12.975665586800945,-13.068699327932018,-13.161733069063091,-13.254766810194162,-13.347800551325236,-13.440834292456309,-13.53386803358738,-13.626901774718453,-13.719935515849526,-13.812969256980598,-13.90600299811167,-13.999036739242744
-4.927741644720348,-5.0207753858514215,-5.113809126982495,-5.206842868113567,-5.29987660924464,-5.392910350375712,-5.485944091506784,-5.578977832637857,-5.67201157376893,-5.765045314900003,-5.858079056031075,-5.951112797162147,-6.04414653829322,-6.1371802794242925,-6.230214020555365,-6.323247761686438,-6.41628150281751,-6.509315243948582,-6.602348985079655,-6.6953827262107275,-6.788416467341801,-6.881450208472873,-6.974483949603945,-7.067517690735018,-7.16055143186609,-7.2535851729971625,-7.346618914128236,-7.439652655259308,-7.532686396390381,-7.625720137521453,-7.718753878652525,-7.8117876197835985,-7.904821360914671,-7.997855102045744,-8.090888843176815,-8.183922584307888,-8.276956325438961,-8.369990066570033,-8.463023807701106,-8.556057548832179,-8.649091289963252,-8.742125031094323,-8.835158772225396,-8.92819251335647,-9.02122625448754,-9.114259995618614,-9.207293736749687,-9.300327477880758,-9.393361219011831,-9.486394960142905,-9.579428701273976,-9.672462442405049,-9.765496183536122,-9.858529924667193,-9.951563665798266,-10.04459740692934,-10.137631148060413,-10.230664889191484,-10.323698630322557,-10.41673237145363,-10.509766112584702,-10.602799853715775,-10.695833594846848,-10.788867335977919,-10.881901077108992,-10.974934818240065,-11.067968559371137,-11.16100230050221,-11.254036041633283,-11.347069782764354,-11.440103523895427,-11.5331372650265,-11.626171006157572,-11.719204747288645,-11.812238488419718,-11.905272229550791,-11.998305970681862,-12.091339711812935,-12.184373452944008,-12.27740719407508,-12.370440935206153,-12.463474676337226,-12.556508417468297,-12.64954215859937,-12.742575899730443,-12.835609640861515,-12.928643381992588,-13.021677123123661,-13.114710864254732,-13.207744605385805,-13.300778346516879,-13.39381208764795,-13.486845828779023,-13.579879569910096,-13.672913311041167,-13.76594705217224,-13.858980793303314,-13.952014534434385,-14.045048275565458,-14.138082016696531
-4.966576154003439,-5.059609895134512,-5.152643636265585,-5.245677377396658,-5.33871111852773,-5.431744859658803,-5.524778600789875,-5.617812341920947,-5.7108460830520205,-5.803879824183093,-5.896913565314165,-5.989947306445238,-6.08298104757631,-6.176014788707383,-6.2690485298384555,-6.362082270969528,-6.455116012100601,-6.548149753231673,-6.641183494362746,-6.734217235493818,-6.8272509766248906,-6.920284717755964,-7.013318458887036,-7.106352200018108,-7.199385941149181,-7.292419682280253,-7.3854534234113265,-7.478487164542399,-7.571520905673471,-7.664554646804544,-7.757588387935616,-7.850622129066688,-7.9436558701977615,-8.036689611328834,-8.129723352459907,-8.222757093590978,-8.315790834722051,-8.408824575853124,-8.501858316984196,-8.594892058115269,-8.687925799246342,-8.780959540377415,-8.873993281508486,-8.96702702263956,-9.060060763770633,-9.153094504901704,-9.246128246032777,-9.33916198716385,-9.432195728294921,-9.525229469425994,-9.618263210557068,-9.711296951688139,-9.804330692819212,-9.897364433950285,-9.990398175081356,-10.08343191621243,-10.176465657343503,-10.269499398474574,-10.362533139605647,-10.45556688073672,-10.548600621867791,-10.641634362998865,-10.734668104129938,-10.827701845261009,-10.920735586392082,-11.013769327523155,-11.106803068654228,-11.1998368097853,-11.292870550916373,-11.385904292047446,-11.478938033178517,-11.57197177430959,-11.665005515440663,-11.758039256571735,-11.851072997702808,-11.94410673883388,-12.037140479964952,-12.130174221096025,-12.223207962227098,-12.31624170335817,-12.409275444489243,-12.502309185620316,-12.595342926751387,-12.68837666788246,-12.781410409013533,-12.874444150144605,-12.967477891275678,-13.060511632406751,-13.153545373537822,-13.246579114668895,-13.339612855799968,-13.43264659693104,-13.525680338062113,-13.618714079193186,-13.711747820324257,-13.80478156145533,-13.897815302586404,-13.990849043717475,-14.083882784848548,-14.176916525979621
-4.610302539042204,-4.703336280173276,-4.796370021304348,-4.88940376243542,-4.982437503566493,-5.075471244697566,-5.168504985828639,-5.261538726959711,-5.354572468090783,-5.447606209221856,-5.5406399503529284,-5.6336736914840015,-5.726707432615074,-5.819741173746146,-5.912774914877219,-6.005808656008291,-6.0988423971393635,-6.191876138270437,-6.284909879401509,-6.377943620532582,-6.470977361663654,-6.564011102794726,-6.657044843925799,-6.750078585056872,-6.843112326187944,-6.936146067319017,-7.029179808450089,-7.122213549581162,-7.2152472907122345,-7.308281031843307,-7.40131477297438,-7.494348514105452,-7.587382255236525,-7.680415996367597,-7.7734497374986695,-7.866483478629743,-7.959517219760815,-8.052550960891887,-8.14558470202296,-8.238618443154033,-8.331652184285105,-8.424685925416178,-8.51771966654725,-8.610753407678322,-8.703787148809395,-8.796820889940468,-8.889854631071541,-8.982888372202613,-9.075922113333686,-9.168955854464759,-9.26198959559583,-9.355023336726903,-9.448057077857976,-9.541090818989048,-9.63412456012012,-9.727158301251194,-9.820192042382265,-9.913225783513338,-10.006259524644411,-10.099293265775485,-10.192327006906556,-10.285360748037629,-10.378394489168702,-10.471428230299773,-10.564461971430847,-10.65749571256192,-10.750529453692991,-10.843563194824064,-10.936596935955137,-11.029630677086208,-11.122664418217282,-11.215698159348355,-11.308731900479426,-11.401765641610499,-11.494799382741572,-11.587833123872644,-11.680866865003717,-11.77390060613479,-11.866934347265863,-11.959968088396934,-12.053001829528007,-12.14603557065908,-12.239069311790152,-12.332103052921225,-12.425136794052298,-12.51817053518337,-12.611204276314442,-12.704238017445515,-12.797271758576588,-12.89030549970766,-12.983339240838733,-13.076372981969806,-13.169406723100877,-13.26244046423195,-13.355474205363024,-13.448507946494095,-13.541541687625168,-13.634575428756241,-13.727609169887312,-13.820642911018385
-5.089224413707884,-5.182258154838956,-5.275291895970028,-5.368325637101101,-5.461359378232173,-5.554393119363246,-5.647426860494319,-5.740460601625391,-5.833494342756463,-5.926528083887536,-6.0195618250186085,-6.112595566149682,-6.205629307280754,-6.298663048411827,-6.391696789542899,-6.484730530673971,-6.577764271805044,-6.670798012936117,-6.763831754067189,-6.856865495198262,-6.949899236329334,-7.042932977460407,-7.1359667185914795,-7.229000459722552,-7.322034200853625,-7.415067941984697,-7.508101683115769,-7.601135424246842,-7.6941691653779145,-7.787202906508988,-7.88023664764006,-7.973270388771132,-8.066304129902205,-8.159337871033276,-8.25237161216435,-8.345405353295423,-8.438439094426496,-8.531472835557567,-8.62450657668864,-8.717540317819713,-8.810574058950785,-8.903607800081858,-8.99664154121293,-9.089675282344002,-9.182709023475075,-9.275742764606148,-9.36877650573722,-9.461810246868293,-9.554843987999366,-9.647877729130437,-9.74091147026151,-9.833945211392583,-9.926978952523655,-10.020012693654728,-10.113046434785801,-10.206080175916872,-10.299113917047945,-10.392147658179018,-10.48518139931009,-10.578215140441163,-10.671248881572236,-10.764282622703307,-10.85731636383438,-10.950350104965453,-11.043383846096527,-11.136417587227598,-11.229451328358671,-11.322485069489744,-11.415518810620815,-11.508552551751889,-11.601586292882962,-11.694620034014033,-11.787653775145106,-11.88068751627618,-11.97372125740725,-12.066754998538324,-12.159788739669397,-12.25282248080047,-12.345856221931541,-12.438889963062614,-12.531923704193687,-12.624957445324759,-12.717991186455832,-12.811024927586905,-12.904058668717976,-12.99709240984905,-13.090126150980122,-13.183159892111194,-13.276193633242267,-13.36922737437334,-13.462261115504411,-13.555294856635484,-13.648328597766557,-13.741362338897629,-13.834396080028702,-13.927429821159775,-14.020463562290846,-14.11349730342192,-14.206531044552992,-14.299564785684066
-4.793036797435514,-4.886070538566586,-4.979104279697658,-5.072138020828731,-5.165171761959804,-5.258205503090877,-5.351239244221949,-5.444272985353021,-5.537306726484094,-5.6303404676151665,-5.723374208746239,-5.816407949877312,-5.909441691008384,-6.002475432139456,-6.095509173270529,-6.1885429144016015,-6.281576655532675,-6.374610396663747,-6.467644137794819,-6.560677878925892,-6.653711620056964,-6.7467453611880375,-6.83977910231911,-6.932812843450182,-7.025846584581255,-7.118880325712327,-7.211914066843399,-7.3049478079744725,-7.397981549105545,-7.491015290236618,-7.58404903136769,-7.677082772498762,-7.770116513629835,-7.863150254760908,-7.956183995891981,-8.049217737023053,-8.142251478154126,-8.235285219285197,-8.32831896041627,-8.4213527015473435,-8.514386442678415,-8.607420183809488,-8.700453924940561,-8.793487666071632,-8.886521407202705,-8.979555148333779,-9.07258888946485,-9.165622630595923,-9.258656371726996,-9.351690112858067,-9.44472385398914,-9.537757595120214,-9.630791336251287,-9.723825077382358,-9.816858818513431,-9.909892559644504,-10.002926300775576,-10.095960041906649,-10.188993783037722,-10.282027524168793,-10.375061265299866,-10.46809500643094,-10.56112874756201,-10.654162488693084,-10.747196229824157,-10.840229970955228,-10.933263712086301,-11.026297453217374,-11.119331194348446,-11.212364935479519,-11.305398676610592,-11.398432417741663,-11.491466158872736,-11.58449990000381,-11.67753364113488,-11.770567382265954,-11.863601123397027,-11.9566348645281,-12.049668605659171,-12.142702346790244,-12.235736087921318,-12.328769829052389,-12.421803570183462,-12.514837311314535,-12.607871052445606,-12.70090479357668,-12.793938534707753,-12.886972275838824,-12.980006016969897,-13.07303975810097,-13.166073499232041,-13.259107240363114,-13.352140981494188,-13.44517472262526,-13.538208463756332,-13.631242204887405,-13.724275946018478,-13.81730968714955,-13.910343428280623,-14.003377169411696
-4.556375910154185,-4.649409651285257,-4.742443392416329,-4.8354771335474025,-4.928510874678475,-5.021544615809548,-5.11457835694062,-5.207612098071692,-5.300645839202765,-5.3936795803338375,-5.486713321464911,-5.579747062595983,-5.672780803727055,-5.765814544858128,-5.8588482859892,-5.951882027120273,-6.044915768251346,-6.137949509382418,-6.23098325051349,-6.324016991644563,-6.417050732775635,-6.5100844739067085,-6.603118215037781,-6.696151956168853,-6.789185697299926,-6.882219438430998,-6.975253179562071,-7.068286920693144,-7.161320661824216,-7.254354402955289,-7.347388144086361,-7.440421885217433,-7.533455626348506,-7.626489367479579,-7.719523108610652,-7.812556849741724,-7.905590590872796,-7.998624332003869,-8.091658073134942,-8.184691814266014,-8.277725555397087,-8.37075929652816,-8.463793037659231,-8.556826778790304,-8.649860519921377,-8.742894261052449,-8.835928002183522,-8.928961743314595,-9.021995484445666,-9.11502922557674,-9.208062966707812,-9.301096707838884,-9.394130448969957,-9.48716419010103,-9.580197931232103,-9.673231672363174,-9.766265413494247,-9.85929915462532,-9.952332895756392,-10.045366636887465,-10.138400378018538,-10.23143411914961,-10.324467860280683,-10.417501601411756,-10.510535342542829,-10.6035690836739,-10.696602824804973,-10.789636565936046,-10.882670307067118,-10.97570404819819,-11.068737789329264,-11.161771530460335,-11.254805271591408,-11.347839012722481,-11.440872753853553,-11.533906494984626,-11.626940236115699,-11.71997397724677,-11.813007718377843,-11.906041459508916,-11.999075200639988,-12.09210894177106,-12.185142682902134,-12.278176424033205,-12.371210165164278,-12.464243906295351,-12.557277647426424,-12.650311388557496,-12.743345129688569,-12.836378870819642,-12.929412611950713,-13.022446353081786,-13.11548009421286,-13.20851383534393,-13.301547576475004,-13.394581317606077,-13.487615058737148,-13.580648799868221,-13.673682540999295,-13.766716282130368
-4.638380723934891,-4.7314144650659635,-4.824448206197036,-4.917481947328109,-5.010515688459181,-5.103549429590254,-5.196583170721326,-5.289616911852399,-5.382650652983472,-5.475684394114544,-5.568718135245616,-5.661751876376689,-5.754785617507761,-5.847819358638834,-5.940853099769907,-6.033886840900979,-6.126920582032052,-6.219954323163124,-6.3129880642941965,-6.4060218054252696,-6.499055546556342,-6.592089287687415,-6.685123028818487,-6.778156769949559,-6.871190511080632,-6.964224252211705,-7.057257993342777,-7.15029173447385,-7.243325475604922,-7.336359216735995,-7.429392957867067,-7.52242669899814,-7.615460440129213,-7.708494181260285,-7.801527922391357,-7.89456166352243,-7.9875954046535025,-8.080629145784576,-8.173662886915649,-8.26669662804672,-8.359730369177793,-8.452764110308866,-8.545797851439938,-8.63883159257101,-8.731865333702084,-8.824899074833155,-8.917932815964228,-9.010966557095301,-9.104000298226373,-9.197034039357446,-9.290067780488519,-9.38310152161959,-9.476135262750663,-9.569169003881736,-9.66220274501281,-9.75523648614388,-9.848270227274954,-9.941303968406027,-10.034337709537098,-10.127371450668171,-10.220405191799244,-10.313438932930316,-10.406472674061389,-10.499506415192462,-10.592540156323533,-10.685573897454606,-10.77860763858568,-10.87164137971675,-10.964675120847824,-11.057708861978897,-11.150742603109968,-11.243776344241041,-11.336810085372115,-11.429843826503186,-11.522877567634259,-11.615911308765332,-11.708945049896403,-11.801978791027476,-11.89501253215855,-11.988046273289623,-12.081080014420694,-12.174113755551767,-12.26714749668284,-12.360181237813912,-12.453214978944985,-12.546248720076058,-12.639282461207129,-12.732316202338202,-12.825349943469275,-12.918383684600347,-13.01141742573142,-13.104451166862493,-13.197484907993564,-13.290518649124637,-13.38355239025571,-13.476586131386782,-13.569619872517855,-13.662653613648928,-13.75568735478,-13.848721095911072
-5.002026953780896,-5.095060694911969,-5.188094436043042,-5.281128177174114,-5.3741619183051865,-5.46719565943626,-5.560229400567332,-5.653263141698405,-5.746296882829477,-5.839330623960549,-5.9323643650916225,-6.025398106222695,-6.118431847353768,-6.21146558848484,-6.304499329615912,-6.397533070746985,-6.4905668118780575,-6.583600553009131,-6.676634294140203,-6.769668035271275,-6.862701776402348,-6.95573551753342,-7.0487692586644926,-7.141802999795566,-7.234836740926638,-7.32787048205771,-7.420904223188783,-7.513937964319855,-7.606971705450928,-7.700005446582001,-7.793039187713073,-7.886072928844146,-7.979106669975218,-8.072140411106291,-8.165174152237363,-8.258207893368436,-8.351241634499509,-8.44427537563058,-8.537309116761653,-8.630342857892726,-8.723376599023798,-8.81641034015487,-8.909444081285944,-9.002477822417015,-9.095511563548088,-9.188545304679161,-9.281579045810235,-9.374612786941306,-9.467646528072379,-9.560680269203452,-9.653714010334523,-9.746747751465596,-9.83978149259667,-9.9328152337277409,-10.025848974858814,-10.118882715989887,-10.211916457120958,-10.304950198252032,-10.397983939383105,-10.491017680514178,-10.584051421645249,-10.677085162776322,-10.770118903907395,-10.863152645038467,-10.95618638616954,-11.049220127300613,-11.142253868431684,-11.235287609562757,-11.32832135069383,-11.421355091824902,-11.514388832955975,-11.607422574087048,-11.70045631521812,-11.793490056349192,-11.886523797480265,-11.979557538611337,-12.07259127974241,-12.165625020873483,-12.258658762004556,-12.351692503135627,-12.4447262442667,-12.537759985397773,-12.630793726528845,-12.723827467659918,-12.816861208790991,-12.909894949922062,-13.002928691053135,-13.095962432184209,-13.18899617331528,-13.282029914446353,-13.375063655577426,-13.468097396708497,-13.56113113783957,-13.654164878970644,-13.747198620101715,-13.840232361232788,-13.933266102363861,-14.026299843494934,-14.119333584626006,-14.212367325757079
-4.9633766291997325,-5.056410370330805,-5.149444111461877,-5.242477852592949,-5.335511593724022,-5.4285453348550945,-5.521579075986168,-5.61461281711724,-5.707646558248312,-5.800680299379385,-5.893714040510457,-5.98674778164153,-6.079781522772603,-6.172815263903676,-6.265849005034748,-6.35888274616582,-6.451916487296893,-6.5449502284279655,-6.637983969559038,-6.731017710690111,-6.824051451821183,-6.917085192952256,-7.010118934083328,-7.1031526752144005,-7.196186416345474,-7.289220157476546,-7.382253898607618,-7.475287639738691,-7.568321380869763,-7.661355122000836,-7.754388863131909,-7.847422604262981,-7.940456345394054,-8.033490086525125,-8.126523827656198,-8.219557568787272,-8.312591309918345,-8.405625051049416,-8.498658792180489,-8.591692533311562,-8.684726274442633,-8.777760015573707,-8.87079375670478,-8.963827497835851,-9.056861238966924,-9.149894980097997,-9.2429287212290685,-9.335962462360142,-9.428996203491215,-9.522029944622288,-9.61506368575336,-9.708097426884432,-9.801131168015505,-9.894164909146577,-9.98719865027765,-10.080232391408723,-10.173266132539794,-10.266299873670867,-10.35933361480194,-10.452367355933012,-10.545401097064085,-10.638434838195158,-10.731468579326231,-10.824502320457302,-10.917536061588375,-11.010569802719449,-11.10360354385052,-11.196637284981593,-11.289671026112666,-11.382704767243737,-11.47573850837481,-11.568772249505884,-11.661805990636955,-11.754839731768028,-11.847873472899101,-11.940907214030172,-12.033940955161246,-12.126974696292319,-12.220008437423392,-12.313042178554463,-12.406075919685536,-12.49910966081661,-12.59214340194768,-12.685177143078754,-12.778210884209827,-12.871244625340898,-12.964278366471971,-13.057312107603044,-13.150345848734116,-13.243379589865189,-13.336413330996262,-13.429447072127333,-13.522480813258406,-13.61551455438948,-13.70854829552055,-13.801582036651624,-13.894615777782697,-13.987649518913768,-14.080683260044841,-14.173717001175914
-4.534183717124855,-4.627217458255928,-4.720251199387001,-4.8132849405180735,-4.906318681649147,-4.999352422780219,-5.092386163911291,-5.185419905042364,-5.278453646173436,-5.3714873873045095,-5.464521128435582,-5.557554869566654,-5.650588610697727,-5.743622351828799,-5.836656092959871,-5.9296898340909445,-6.022723575222017,-6.11575731635309,-6.208791057484162,-6.301824798615234,-6.394858539746307,-6.48789228087738,-6.580926022008452,-6.673959763139525,-6.766993504270597,-6.860027245401669,-6.953060986532742,-7.046094727663815,-7.139128468794888,-7.23216220992596,-7.325195951057032,-7.418229692188105,-7.5112634333191775,-7.6042971744502506,-7.697330915581323,-7.790364656712395,-7.883398397843468,-7.97643213897454,-8.0694658801056125,-8.162499621236686,-8.255533362367759,-8.34856710349883,-8.441600844629903,-8.534634585760976,-8.627668326892048,-8.72070206802312,-8.813735809154194,-8.906769550285265,-8.999803291416338,-9.092837032547411,-9.185870773678483,-9.278904514809556,-9.371938255940629,-9.464971997071702,-9.558005738202773,-9.651039479333846,-9.74407322046492,-9.83710696159599,-9.930140702727064,-10.023174443858137,-10.116208184989208,-10.209241926120281,-10.302275667251354,-10.395309408382426,-10.488343149513499,-10.581376890644572,-10.674410631775643,-10.767444372906716,-10.86047811403779,-10.95351185516886,-11.046545596299934,-11.139579337431007,-11.23261307856208,-11.325646819693151,-11.418680560824225,-11.511714301955298,-11.60474804308637,-11.697781784217442,-11.790815525348515,-11.883849266479588,-11.97688300761066,-12.069916748741733,-12.162950489872806,-12.255984231003877,-12.34901797213495,-12.442051713266023,-12.535085454397095,-12.628119195528168,-12.72115293665924,-12.814186677790312,-12.907220418921385,-13.000254160052458,-13.09328790118353,-13.186321642314603,-13.279355383445676,-13.372389124576749,-13.46542286570782,-13.558456606838893,-13.651490347969967,-13.744524089101038
-4.825199613538564,-4.918233354669637,-5.011267095800709,-5.104300836931781,-5.197334578062854,-5.290368319193926,-5.3834020603249995,-5.476435801456072,-5.569469542587144,-5.662503283718217,-5.755537024849289,-5.848570765980362,-5.9416045071114345,-6.034638248242507,-6.12767198937358,-6.220705730504652,-6.313739471635724,-6.406773212766797,-6.4998069538978696,-6.592840695028942,-6.685874436160015,-6.778908177291087,-6.87194191842216,-6.964975659553232,-7.058009400684305,-7.151043141815378,-7.24407688294645,-7.337110624077523,-7.430144365208595,-7.523178106339668,-7.6162118474707405,-7.709245588601813,-7.802279329732886,-7.895313070863958,-7.98834681199503,-8.081380553126102,-8.174414294257176,-8.267448035388249,-8.36048177651932,-8.453515517650393,-8.546549258781466,-8.639582999912538,-8.73261674104361,-8.825650482174684,-8.918684223305755,-9.011717964436828,-9.104751705567901,-9.197785446698973,-9.290819187830046,-9.383852928961119,-9.47688667009219,-9.569920411223263,-9.662954152354336,-9.75598789348541,-9.84902163461648,-9.942055375747554,-10.035089116878627,-10.128122858009698,-10.221156599140771,-10.314190340271844,-10.407224081402918,-10.500257822533989,-10.593291563665062,-10.686325304796135,-10.779359045927206,-10.87239278705828,-10.965426528189353,-11.058460269320424,-11.151494010451497,-11.24452775158257,-11.337561492713643,-11.430595233844715,-11.523628974975788,-11.61666271610686,-11.709696457237932,-11.802730198369005,-11.895763939500078,-11.98879768063115,-12.081831421762223,-12.174865162893296,-12.267898904024367,-12.36093264515544,-12.453966386286513,-12.547000127417586,-12.640033868548658,-12.73306760967973,-12.826101350810804,-12.919135091941875,-13.012168833072948,-13.105202574204021,-13.198236315335093,-13.291270056466166,-13.384303797597239,-13.47733753872831,-13.570371279859383,-13.663405020990457,-13.75643876212153,-13.849472503252601,-13.942506244383674,-14.035539985514747
-4.819786654215916,-4.912820395346988,-5.00585413647806,-5.098887877609133,-5.1919216187402055,-5.284955359871278,-5.377989101002351,-5.471022842133423,-5.564056583264495,-5.657090324395568,-5.750124065526641,-5.843157806657714,-5.936191547788786,-6.029225288919858,-6.122259030050931,-6.215292771182003,-6.308326512313076,-6.401360253444149,-6.494393994575221,-6.587427735706293,-6.680461476837366,-6.7734952179684385,-6.866528959099511,-6.959562700230584,-7.052596441361656,-7.145630182492728,-7.238663923623801,-7.3316976647548735,-7.424731405885947,-7.517765147017019,-7.610798888148091,-7.703832629279164,-7.796866370410236,-7.8899001115413085,-7.982933852672382,-8.075967593803455,-8.169001334934526,-8.2620350760656,-8.355068817196672,-8.448102558327744,-8.541136299458817,-8.63417004058989,-8.727203781720961,-8.820237522852034,-8.913271263983107,-9.006305005114179,-9.099338746245252,-9.192372487376325,-9.285406228507396,-9.37843996963847,-9.471473710769542,-9.564507451900614,-9.657541193031687,-9.75057493416276,-9.843608675293831,-9.936642416424904,-10.029676157555977,-10.122709898687049,-10.215743639818122,-10.308777380949195,-10.401811122080268,-10.49484486321134,-10.587878604342412,-10.680912345473486,-10.773946086604557,-10.86697982773563,-10.960013568866703,-11.053047309997774,-11.146081051128848,-11.23911479225992,-11.332148533390992,-11.425182274522065,-11.518216015653138,-11.61124975678421,-11.704283497915283,-11.797317239046356,-11.890350980177427,-11.9833847213085,-12.076418462439573,-12.169452203570644,-12.262485944701718,-12.35551968583279,-12.448553426963862,-12.541587168094935,-12.634620909226008,-12.72765465035708,-12.820688391488153,-12.913722132619226,-13.006755873750297,-13.09978961488137,-13.192823356012443,-13.285857097143516,-13.378890838274588,-13.47192457940566,-13.564958320536734,-13.657992061667805,-13.751025802798878,-13.844059543929951,-13.937093285061023,-14.030127026192096
-4.7546060918048685,-4.847639832935941,-4.940673574067013,-5.033707315198086,-5.126741056329158,-5.219774797460231,-5.3128085385913035,-5.405842279722377,-5.498876020853449,-5.591909761984521,-5.684943503115594,-5.777977244246666,-5.871010985377739,-5.964044726508812,-6.057078467639884,-6.150112208770957,-6.243145949902029,-6.336179691033101,-6.4292134321641745,-6.522247173295247,-6.615280914426319,-6.708314655557392,-6.801348396688464,-6.894382137819537,-6.98741587895061,-7.080449620081682,-7.173483361212755,-7.266517102343827,-7.359550843474899,-7.452584584605972,-7.545618325737045,-7.638652066868118,-7.73168580799919,-7.824719549130263,-7.917753290261335,-8.010787031392407,-8.10382077252348,-8.196854513654554,-8.289888254785625,-8.382921995916698,-8.475955737047771,-8.568989478178842,-8.662023219309916,-8.755056960440989,-8.84809070157206,-8.941124442703133,-9.034158183834206,-9.12719192496528,-9.22022566609635,-9.313259407227424,-9.406293148358495,-9.499326889489568,-9.592360630620641,-9.685394371751713,-9.778428112882786,-9.871461854013859,-9.96449559514493,-10.057529336276003,-10.150563077407076,-10.24359681853815,-10.33663055966922,-10.429664300800294,-10.522698041931367,-10.615731783062438,-10.708765524193511,-10.801799265324584,-10.894833006455656,-10.987866747586729,-11.080900488717802,-11.173934229848873,-11.266967970979946,-11.36000171211102,-11.453035453242093,-11.546069194373164,-11.639102935504237,-11.73213667663531,-11.825170417766381,-11.918204158897455,-12.011237900028528,-12.104271641159599,-12.197305382290672,-12.290339123421745,-12.383372864552816,-12.47640660568389,-12.569440346814963,-12.662474087946036,-12.755507829077107,-12.84854157020818,-12.941575311339253,-13.034609052470325,-13.127642793601398,-13.22067653473247,-13.313710275863542,-13.406744016994615,-13.499777758125688,-13.59281149925676,-13.685845240387833,-13.778878981518906,-13.871912722649977,-13.96494646378105
-4.60585297632933,-4.698886717460403,-4.791920458591476,-4.884954199722548,-4.9779879408536205,-5.071021681984694,-5.164055423115766,-5.257089164246839,-5.350122905377911,-5.443156646508983,-5.5361903876400564,-5.629224128771129,-5.722257869902201,-5.815291611033274,-5.908325352164346,-6.001359093295418,-6.0943928344264915,-6.187426575557564,-6.280460316688636,-6.373494057819709,-6.466527798950781,-6.559561540081853,-6.6525952812129265,-6.745629022343999,-6.838662763475071,-6.931696504606144,-7.024730245737216,-7.117763986868289,-7.210797727999362,-7.303831469130434,-7.396865210261507,-7.489898951392579,-7.582932692523651,-7.675966433654724,-7.769000174785797,-7.86203391591687,-7.955067657047942,-8.048101398179014,-8.141135139310087,-8.234168880441159,-8.327202621572232,-8.420236362703305,-8.513270103834378,-8.60630384496545,-8.699337586096522,-8.792371327227595,-8.885405068358667,-8.97843880948974,-9.071472550620813,-9.164506291751884,-9.257540032882957,-9.35057377401403,-9.443607515145102,-9.536641256276175,-9.629674997407248,-9.72270873853832,-9.815742479669392,-9.908776220800465,-10.001809961931537,-10.09484370306261,-10.187877444193683,-10.280911185324754,-10.373944926455827,-10.4669786675869,-10.560012408717974,-10.653046149849045,-10.746079890980118,-10.839113632111191,-10.932147373242262,-11.025181114373336,-11.118214855504409,-11.21124859663548,-11.304282337766553,-11.397316078897626,-11.490349820028698,-11.58338356115977,-11.676417302290844,-11.769451043421917,-11.862484784552988,-11.955518525684061,-12.048552266815134,-12.141586007946206,-12.234619749077279,-12.327653490208352,-12.420687231339423,-12.513720972470496,-12.60675471360157,-12.69978845473264,-12.792822195863714,-12.885855936994787,-12.978889678125858,-13.071923419256931,-13.164957160388004,-13.257990901519076,-13.351024642650149,-13.444058383781222,-13.537092124912293,-13.630125866043366,-13.72315960717444,-13.816193348305513
-4.635239114590995,-4.728272855722067,-4.821306596853139,-4.914340337984211,-5.0073740791152845,-5.100407820246357,-5.193441561377429,-5.286475302508502,-5.379509043639574,-5.472542784770647,-5.56557652590172,-5.658610267032793,-5.751644008163865,-5.844677749294937,-5.93771149042601,-6.030745231557082,-6.123778972688155,-6.216812713819228,-6.3098464549503,-6.402880196081372,-6.495913937212445,-6.5889476783435175,-6.681981419474591,-6.775015160605663,-6.868048901736735,-6.961082642867808,-7.05411638399888,-7.1471501251299525,-7.240183866261026,-7.333217607392098,-7.426251348523171,-7.519285089654243,-7.612318830785315,-7.7053525719163884,-7.798386313047461,-7.891420054178533,-7.984453795309606,-8.077487536440678,-8.170521277571751,-8.263555018702824,-8.356588759833896,-8.449622500964969,-8.542656242096042,-8.635689983227113,-8.728723724358186,-8.82175746548926,-8.91479120662033,-9.007824947751404,-9.100858688882477,-9.193892430013548,-9.286926171144621,-9.379959912275694,-9.472993653406768,-9.566027394537839,-9.659061135668912,-9.752094876799985,-9.845128617931056,-9.93816235906213,-10.031196100193203,-10.124229841324274,-10.217263582455347,-10.31029732358642,-10.403331064717493,-10.496364805848565,-10.589398546979638,-10.68243228811071,-10.775466029241782,-10.868499770372855,-10.961533511503928,-11.054567252635,-11.147600993766073,-11.240634734897146,-11.333668476028217,-11.42670221715929,-11.519735958290363,-11.612769699421435,-11.705803440552508,-11.79883718168358,-11.891870922814654,-11.984904663945725,-12.077938405076798,-12.170972146207871,-12.264005887338943,-12.357039628470016,-12.450073369601089,-12.54310711073216,-12.636140851863233,-12.729174592994307,-12.82220833412538,-12.915242075256451,-13.008275816387524,-13.101309557518597,-13.194343298649668,-13.287377039780742,-13.380410780911815,-13.473444522042886,-13.566478263173959,-13.659512004305032,-13.752545745436104,-13.845579486567177
-4.725278658985115,-4.818312400116188,-4.911346141247261,-5.004379882378333,-5.097413623509405,-5.1904473646404785,-5.283481105771551,-5.376514846902624,-5.469548588033696,-5.562582329164768,-5.655616070295841,-5.748649811426914,-5.841683552557987,-5.934717293689059,-6.027751034820131,-6.120784775951204,-6.213818517082276,-6.306852258213349,-6.399885999344422,-6.492919740475494,-6.585953481606567,-6.678987222737639,-6.772020963868711,-6.8650547049997845,-6.958088446130857,-7.051122187261929,-7.144155928393002,-7.237189669524074,-7.3302234106551465,-7.42325715178622,-7.516290892917292,-7.609324634048365,-7.702358375179437,-7.795392116310509,-7.888425857441582,-7.981459598572655,-8.074493339703727,-8.1675270808348,-8.260560821965873,-8.353594563096944,-8.446628304228017,-8.53966204535909,-8.632695786490162,-8.725729527621235,-8.818763268752308,-8.91179700988338,-9.004830751014453,-9.097864492145526,-9.190898233276597,-9.28393197440767,-9.376965715538743,-9.469999456669816,-9.563033197800888,-9.65606693893196,-9.749100680063034,-9.842134421194105,-9.935168162325178,-10.028201903456251,-10.121235644587323,-10.214269385718396,-10.307303126849469,-10.40033686798054,-10.493370609111613,-10.586404350242686,-10.679438091373758,-10.77247183250483,-10.865505573635904,-10.958539314766977,-11.051573055898048,-11.144606797029121,-11.237640538160194,-11.330674279291266,-11.423708020422339,-11.516741761553412,-11.609775502684483,-11.702809243815556,-11.79584298494663,-11.8888767260777,-11.981910467208774,-12.074944208339847,-12.167977949470918,-12.261011690601991,-12.354045431733065,-12.447079172864136,-12.540112913995209,-12.633146655126282,-12.726180396257355,-12.819214137388427,-12.9122478785195,-13.005281619650573,-13.098315360781644,-13.191349101912717,-13.28438284304379,-13.377416584174862,-13.470450325305935,-13.563484066437008,-13.656517807568079,-13.749551548699152,-13.842585289830225,-13.935619030961297
-4.78960998493193,-4.8826437260630025,-4.975677467194075,-5.068711208325148,-5.16174494945622,-5.254778690587293,-5.347812431718365,-5.4408461728494375,-5.533879913980511,-5.626913655111583,-5.719947396242656,-5.812981137373728,-5.9060148785048,-5.999048619635873,-6.092082360766946,-6.185116101898018,-6.278149843029091,-6.371183584160163,-6.464217325291235,-6.5572510664223085,-6.650284807553381,-6.743318548684454,-6.836352289815526,-6.929386030946598,-7.02241977207767,-7.1154535132087435,-7.208487254339816,-7.301520995470889,-7.394554736601961,-7.487588477733033,-7.580622218864106,-7.673655959995179,-7.766689701126251,-7.859723442257324,-7.952757183388396,-8.04579092451947,-8.13882466565054,-8.231858406781614,-8.324892147912687,-8.417925889043758,-8.510959630174831,-8.603993371305904,-8.697027112436976,-8.790060853568049,-8.883094594699122,-8.976128335830195,-9.069162076961266,-9.16219581809234,-9.255229559223412,-9.348263300354484,-9.441297041485557,-9.53433078261663,-9.627364523747701,-9.720398264878774,-9.813432006009847,-9.906465747140919,-9.999499488271992,-10.092533229403065,-10.185566970534138,-10.27860071166521,-10.371634452796282,-10.464668193927356,-10.557701935058427,-10.6507356761895,-10.743769417320573,-10.836803158451644,-10.929836899582718,-11.02287064071379,-11.115904381844862,-11.208938122975935,-11.301971864107008,-11.395005605238081,-11.488039346369153,-11.581073087500226,-11.674106828631299,-11.76714056976237,-11.860174310893443,-11.953208052024516,-12.046241793155588,-12.13927553428666,-12.232309275417734,-12.325343016548805,-12.418376757679878,-12.511410498810951,-12.604444239942023,-12.697477981073096,-12.790511722204169,-12.88354546333524,-12.976579204466313,-13.069612945597386,-13.16264668672846,-13.25568042785953,-13.348714168990604,-13.441747910121677,-13.534781651252748,-13.627815392383821,-13.720849133514895,-13.813882874645966,-13.906916615777039,-13.999950356908112
-4.788998598675318,-4.882032339806391,-4.975066080937464,-5.068099822068536,-5.161133563199609,-5.254167304330681,-5.347201045461754,-5.440234786592827,-5.533268527723899,-5.626302268854971,-5.719336009986044,-5.812369751117116,-5.905403492248189,-5.998437233379262,-6.091470974510334,-6.184504715641407,-6.277538456772479,-6.3705721979035514,-6.4636059390346245,-6.556639680165697,-6.64967342129677,-6.742707162427842,-6.835740903558914,-6.928774644689987,-7.02180838582106,-7.114842126952132,-7.207875868083205,-7.300909609214277,-7.393943350345349,-7.486977091476422,-7.580010832607495,-7.673044573738568,-7.76607831486964,-7.859112056000712,-7.952145797131785,-8.045179538262857,-8.13821327939393,-8.231247020525002,-8.324280761656075,-8.417314502787148,-8.51034824391822,-8.603381985049293,-8.696415726180366,-8.789449467311439,-8.88248320844251,-8.975516949573583,-9.068550690704656,-9.161584431835728,-9.2546181729668,-9.347651914097874,-9.440685655228945,-9.533719396360018,-9.626753137491091,-9.719786878622163,-9.812820619753236,-9.905854360884309,-9.998888102015382,-10.091921843146453,-10.184955584277526,-10.2779893254086,-10.37102306653967,-10.464056807670744,-10.557090548801817,-10.650124289932888,-10.743158031063961,-10.836191772195034,-10.929225513326108,-11.022259254457179,-11.115292995588252,-11.208326736719325,-11.301360477850396,-11.39439421898147,-11.487427960112543,-11.580461701243614,-11.673495442374687,-11.76652918350576,-11.859562924636831,-11.952596665767905,-12.045630406898978,-12.138664148030049,-12.231697889161122,-12.324731630292195,-12.417765371423268,-12.51079911255434,-12.603832853685413,-12.696866594816486,-12.789900335947557,-12.88293407707863,-12.975967818209703,-13.069001559340775,-13.162035300471848,-13.25506904160292,-13.348102782733992,-13.441136523865065,-13.534170264996138,-13.62720400612721,-13.720237747258283,-13.813271488389356,-13.906305229520427,-13.9993389706515
-4.6096618502577575,-4.70269559138883,-4.795729332519902,-4.888763073650974,-4.981796814782047,-5.0748305559131195,-5.167864297044193,-5.260898038175265,-5.353931779306337,-5.44696552043741,-5.539999261568482,-5.633033002699555,-5.726066743830628,-5.8191004849617,-5.912134226092772,-6.005167967223845,-6.098201708354917,-6.1912354494859905,-6.284269190617063,-6.377302931748135,-6.470336672879208,-6.56337041401028,-6.656404155141352,-6.7494378962724255,-6.842471637403498,-6.935505378534571,-7.028539119665643,-7.121572860796715,-7.214606601927788,-7.307640343058861,-7.400674084189934,-7.493707825321006,-7.586741566452078,-7.679775307583151,-7.772809048714223,-7.865842789845296,-7.958876530976369,-8.05191027210744,-8.144944013238513,-8.237977754369586,-8.33101149550066,-8.42404523663173,-8.517078977762804,-8.610112718893877,-8.703146460024948,-8.796180201156021,-8.889213942287094,-8.982247683418166,-9.075281424549239,-9.168315165680312,-9.261348906811383,-9.354382647942456,-9.44741638907353,-9.5404501302046,-9.633483871335674,-9.726517612466747,-9.819551353597818,-9.912585094728891,-10.005618835859964,-10.098652576991038,-10.191686318122109,-10.284720059253182,-10.377753800384255,-10.470787541515326,-10.5638212826464,-10.656855023777473,-10.749888764908544,-10.842922506039617,-10.93595624717069,-11.028989988301761,-11.122023729432835,-11.215057470563908,-11.308091211694979,-11.401124952826052,-11.494158693957125,-11.587192435088198,-11.68022617621927,-11.773259917350343,-11.866293658481416,-11.959327399612487,-12.05236114074356,-12.145394881874633,-12.238428623005705,-12.331462364136778,-12.42449610526785,-12.517529846398922,-12.610563587529995,-12.703597328661068,-12.79663106979214,-12.889664810923213,-12.982698552054286,-13.075732293185357,-13.16876603431643,-13.261799775447503,-13.354833516578575,-13.447867257709648,-13.540900998840721,-13.633934739971794,-13.726968481102865,-13.820002222233938
-4.887739738836663,-4.980773479967736,-5.073807221098809,-5.166840962229881,-5.259874703360953,-5.3529084444920265,-5.445942185623099,-5.538975926754171,-5.632009667885244,-5.725043409016316,-5.818077150147389,-5.911110891278462,-6.004144632409534,-6.097178373540607,-6.190212114671679,-6.283245855802751,-6.376279596933824,-6.469313338064897,-6.56234707919597,-6.655380820327042,-6.748414561458114,-6.841448302589187,-6.9344820437202594,-7.027515784851332,-7.120549525982405,-7.213583267113477,-7.306617008244549,-7.399650749375622,-7.4926844905066945,-7.585718231637768,-7.67875197276884,-7.771785713899912,-7.864819455030985,-7.957853196162057,-8.05088693729313,-8.143920678424204,-8.236954419555275,-8.329988160686348,-8.423021901817421,-8.516055642948492,-8.609089384079565,-8.702123125210639,-8.79515686634171,-8.888190607472783,-8.981224348603856,-9.074258089734927,-9.167291830866,-9.260325571997074,-9.353359313128145,-9.446393054259218,-9.539426795390291,-9.632460536521362,-9.725494277652436,-9.818528018783509,-9.91156175991458,-10.004595501045653,-10.097629242176726,-10.1906629833078,-10.28369672443887,-10.376730465569944,-10.469764206701017,-10.562797947832088,-10.655831688963161,-10.748865430094234,-10.841899171225306,-10.934932912356379,-11.027966653487452,-11.121000394618523,-11.214034135749596,-11.30706787688067,-11.40010161801174,-11.493135359142814,-11.586169100273887,-11.679202841404958,-11.772236582536031,-11.865270323667104,-11.958304064798178,-12.051337805929249,-12.144371547060322,-12.237405288191395,-12.330439029322466,-12.42347277045354,-12.516506511584613,-12.609540252715684,-12.702573993846757,-12.79560773497783,-12.888641476108901,-12.981675217239975,-13.074708958371048,-13.167742699502119,-13.260776440633192,-13.353810181764265,-13.446843922895336,-13.53987766402641,-13.632911405157483,-13.725945146288556,-13.818978887419627,-13.9120126285507,-14.005046369681773,-14.098080110812845
-5.005100766432358,-5.098134507563431,-5.191168248694504,-5.2842019898255765,-5.377235730956649,-5.470269472087722,-5.563303213218794,-5.656336954349866,-5.749370695480939,-5.842404436612012,-5.935438177743084,-6.028471918874157,-6.121505660005229,-6.214539401136302,-6.307573142267374,-6.400606883398447,-6.49364062452952,-6.586674365660592,-6.679708106791664,-6.772741847922737,-6.8657755890538095,-6.958809330184883,-7.051843071315955,-7.144876812447027,-7.2379105535781,-7.330944294709172,-7.4239780358402445,-7.517011776971318,-7.61004551810239,-7.703079259233462,-7.796113000364535,-7.889146741495607,-7.9821804826266805,-8.075214223757753,-8.168247964888826,-8.261281706019897,-8.35431544715097,-8.447349188282043,-8.540382929413115,-8.633416670544188,-8.72645041167526,-8.819484152806334,-8.912517893937405,-9.005551635068478,-9.098585376199551,-9.191619117330623,-9.284652858461696,-9.377686599592769,-9.47072034072384,-9.563754081854913,-9.656787822985986,-9.749821564117058,-9.842855305248131,-9.935889046379204,-10.028922787510275,-10.121956528641348,-10.214990269772422,-10.308024010903493,-10.401057752034566,-10.494091493165639,-10.58712523429671,-10.680158975427783,-10.773192716558857,-10.86622645768993,-10.959260198821001,-11.052293939952074,-11.145327681083147,-11.238361422214219,-11.331395163345292,-11.424428904476365,-11.517462645607436,-11.61049638673851,-11.703530127869582,-11.796563869000654,-11.889597610131727,-11.9826313512628,-12.075665092393871,-12.168698833524944,-12.261732574656017,-12.354766315787089,-12.447800056918162,-12.540833798049235,-12.633867539180308,-12.72690128031138,-12.819935021442452,-12.912968762573525,-13.006002503704597,-13.09903624483567,-13.192069985966743,-13.285103727097814,-13.378137468228887,-13.47117120935996,-13.564204950491032,-13.657238691622105,-13.750272432753178,-13.84330617388425,-13.936339915015322,-14.029373656146396,-14.122407397277467,-14.21544113840854
-4.783158299716712,-4.876192040847785,-4.969225781978858,-5.0622595231099305,-5.155293264241004,-5.248327005372076,-5.341360746503148,-5.434394487634221,-5.527428228765293,-5.620461969896366,-5.713495711027439,-5.806529452158511,-5.899563193289583,-5.992596934420656,-6.085630675551728,-6.178664416682801,-6.271698157813874,-6.364731898944946,-6.457765640076018,-6.550799381207091,-6.6438331223381635,-6.736866863469237,-6.829900604600309,-6.922934345731382,-7.015968086862454,-7.109001827993526,-7.202035569124599,-7.295069310255672,-7.388103051386745,-7.481136792517817,-7.574170533648889,-7.667204274779962,-7.7602380159110345,-7.853271757042107,-7.94630549817318,-8.039339239304253,-8.132372980435324,-8.225406721566397,-8.31844046269747,-8.411474203828542,-8.504507944959615,-8.597541686090688,-8.69057542722176,-8.783609168352832,-8.876642909483905,-8.969676650614977,-9.06271039174605,-9.155744132877123,-9.248777874008194,-9.341811615139267,-9.43484535627034,-9.527879097401414,-9.620912838532485,-9.713946579663558,-9.806980320794631,-9.900014061925702,-9.993047803056776,-10.086081544187849,-10.17911528531892,-10.272149026449993,-10.365182767581066,-10.458216508712137,-10.55125024984321,-10.644283990974284,-10.737317732105355,-10.830351473236428,-10.923385214367501,-11.016418955498573,-11.109452696629646,-11.202486437760719,-11.29552017889179,-11.388553920022863,-11.481587661153936,-11.57462140228501,-11.66765514341608,-11.760688884547154,-11.853722625678227,-11.946756366809298,-12.039790107940371,-12.132823849071444,-12.225857590202516,-12.318891331333589,-12.411925072464662,-12.504958813595733,-12.597992554726806,-12.69102629585788,-12.784060036988953,-12.877093778120024,-12.970127519251097,-13.06316126038217,-13.156195001513241,-13.249228742644314,-13.342262483775388,-13.435296224906459,-13.528329966037532,-13.621363707168605,-13.714397448299676,-13.80743118943075,-13.900464930561823,-13.993498671692896
-4.923836455064114,-5.016870196195186,-5.1099039373262585,-5.202937678457332,-5.295971419588404,-5.389005160719477,-5.482038901850549,-5.575072642981621,-5.668106384112694,-5.761140125243767,-5.854173866374839,-5.947207607505912,-6.040241348636984,-6.133275089768056,-6.2263088308991295,-6.319342572030202,-6.412376313161275,-6.505410054292347,-6.598443795423419,-6.691477536554492,-6.7845112776855645,-6.877545018816637,-6.97057875994771,-7.063612501078782,-7.156646242209855,-7.249679983340927,-7.3427137244719995,-7.435747465603072,-7.528781206734145,-7.621814947865217,-7.71484868899629,-7.807882430127362,-7.900916171258435,-7.993949912389508,-8.08698365352058,-8.180017394651653,-8.273051135782724,-8.366084876913797,-8.45911861804487,-8.552152359175942,-8.645186100307015,-8.738219841438088,-8.831253582569161,-8.924287323700232,-9.017321064831306,-9.110354805962379,-9.20338854709345,-9.296422288224523,-9.389456029355596,-9.482489770486668,-9.57552351161774,-9.668557252748814,-9.761590993879887,-9.854624735010958,-9.947658476142031,-10.040692217273104,-10.133725958404176,-10.226759699535249,-10.319793440666322,-10.412827181797393,-10.505860922928466,-10.59889466405954,-10.69192840519061,-10.784962146321684,-10.877995887452757,-10.971029628583828,-11.064063369714901,-11.157097110845974,-11.250130851977046,-11.343164593108119,-11.436198334239192,-11.529232075370265,-11.622265816501336,-11.71529955763241,-11.808333298763483,-11.901367039894554,-11.994400781025627,-12.0874345221567,-12.180468263287771,-12.273502004418845,-12.366535745549918,-12.459569486680989,-12.552603227812062,-12.645636968943135,-12.738670710074208,-12.83170445120528,-12.924738192336353,-13.017771933467426,-13.110805674598497,-13.20383941572957,-13.296873156860643,-13.389906897991715,-13.482940639122788,-13.57597438025386,-13.669008121384932,-13.762041862516005,-13.855075603647078,-13.94810934477815,-14.041143085909223,-14.134176827040296
-4.724064377474177,-4.81709811860525,-4.910131859736323,-5.003165600867395,-5.096199341998468,-5.18923308312954,-5.282266824260613,-5.375300565391686,-5.468334306522758,-5.561368047653831,-5.654401788784903,-5.747435529915975,-5.8404692710470485,-5.933503012178121,-6.026536753309193,-6.119570494440266,-6.212604235571338,-6.30563797670241,-6.3986717178334835,-6.491705458964556,-6.584739200095628,-6.677772941226701,-6.770806682357773,-6.8638404234888455,-6.956874164619919,-7.049907905750991,-7.142941646882064,-7.235975388013136,-7.329009129144208,-7.422042870275281,-7.515076611406354,-7.608110352537427,-7.701144093668499,-7.794177834799571,-7.887211575930644,-7.9802453170617165,-8.073279058192789,-8.166312799323862,-8.259346540454933,-8.352380281586006,-8.44541402271708,-8.53844776384815,-8.631481504979224,-8.724515246110297,-8.81754898724137,-8.910582728372441,-9.003616469503514,-9.096650210634587,-9.189683951765659,-9.282717692896732,-9.375751434027805,-9.468785175158876,-9.56181891628995,-9.6548526574210225,-9.747886398552096,-9.840920139683167,-9.93395388081424,-10.026987621945313,-10.120021363076384,-10.213055104207458,-10.30608884533853,-10.399122586469602,-10.492156327600675,-10.585190068731748,-10.67822380986282,-10.771257550993893,-10.864291292124966,-10.957325033256037,-11.05035877438711,-11.143392515518183,-11.236426256649256,-11.329459997780328,-11.4224937389114,-11.515527480042474,-11.608561221173545,-11.701594962304618,-11.794628703435691,-11.887662444566763,-11.980696185697836,-12.073729926828909,-12.16676366795998,-12.259797409091053,-12.352831150222126,-12.445864891353198,-12.53889863248427,-12.631932373615344,-12.724966114746415,-12.817999855877488,-12.911033597008561,-13.004067338139633,-13.097101079270706,-13.190134820401779,-13.283168561532852,-13.376202302663923,-13.469236043794997,-13.56226978492607,-13.655303526057141,-13.748337267188214,-13.841371008319287,-13.934404749450358
-4.7273202561901195,-4.820353997321193,-4.913387738452266,-5.006421479583338,-5.09945522071441,-5.192488961845483,-5.2855227029765555,-5.378556444107628,-5.471590185238701,-5.564623926369773,-5.657657667500845,-5.750691408631918,-5.8437251497629905,-5.936758890894064,-6.029792632025136,-6.122826373156208,-6.215860114287281,-6.308893855418353,-6.401927596549426,-6.494961337680499,-6.587995078811571,-6.681028819942643,-6.774062561073716,-6.867096302204788,-6.960130043335861,-7.053163784466934,-7.146197525598006,-7.239231266729078,-7.332265007860151,-7.425298748991223,-7.518332490122296,-7.611366231253369,-7.704399972384441,-7.797433713515514,-7.890467454646586,-7.983501195777659,-8.07653493690873,-8.169568678039804,-8.262602419170877,-8.35563616030195,-8.448669901433021,-8.541703642564094,-8.634737383695168,-8.727771124826239,-8.820804865957312,-8.913838607088385,-9.006872348219456,-9.09990608935053,-9.192939830481603,-9.285973571612674,-9.379007312743747,-9.47204105387482,-9.565074795005891,-9.658108536136965,-9.751142277268038,-9.844176018399109,-9.937209759530182,-10.030243500661255,-10.123277241792328,-10.2163109829234,-10.309344724054473,-10.402378465185544,-10.495412206316617,-10.58844594744769,-10.681479688578763,-10.774513429709835,-10.867547170840908,-10.96058091197198,-11.053614653103052,-11.146648394234125,-11.239682135365198,-11.33271587649627,-11.425749617627343,-11.518783358758416,-11.611817099889487,-11.70485084102056,-11.797884582151633,-11.890918323282706,-11.983952064413778,-12.076985805544851,-12.170019546675924,-12.263053287806995,-12.356087028938068,-12.449120770069142,-12.542154511200213,-12.635188252331286,-12.728221993462359,-12.82125573459343,-12.914289475724503,-13.007323216855577,-13.100356957986648,-13.193390699117721,-13.286424440248794,-13.379458181379865,-13.472491922510939,-13.565525663642012,-13.658559404773083,-13.751593145904156,-13.84462688703523,-13.9376606281663
-4.264403973872704,-4.357437715003776,-4.450471456134848,-4.5435051972659215,-4.636538938396994,-4.729572679528067,-4.822606420659139,-4.915640161790211,-5.008673902921284,-5.1017076440523565,-5.194741385183429,-5.287775126314502,-5.380808867445574,-5.473842608576646,-5.566876349707719,-5.659910090838792,-5.752943831969864,-5.845977573100937,-5.939011314232009,-6.032045055363082,-6.125078796494154,-6.218112537625227,-6.3111462787563,-6.404180019887372,-6.497213761018444,-6.590247502149517,-6.6832812432805895,-6.776314984411662,-6.869348725542735,-6.962382466673807,-7.055416207804879,-7.148449948935952,-7.2414836900670245,-7.334517431198097,-7.42755117232917,-7.520584913460242,-7.613618654591314,-7.706652395722387,-7.79968613685346,-7.892719877984532,-7.985753619115605,-8.078787360246677,-8.17182110137775,-8.264854842508823,-8.357888583639895,-8.450922324770968,-8.54395606590204,-8.636989807033112,-8.730023548164185,-8.823057289295258,-8.91609103042633,-9.009124771557403,-9.102158512688476,-9.195192253819547,-9.28822599495062,-9.381259736081693,-9.474293477212766,-9.567327218343838,-9.660360959474911,-9.753394700605984,-9.846428441737055,-9.939462182868128,-10.032495923999202,-10.125529665130273,-10.218563406261346,-10.311597147392419,-10.404630888523492,-10.497664629654563,-10.590698370785637,-10.68373211191671,-10.776765853047781,-10.869799594178854,-10.962833335309927,-11.055867076440999,-11.148900817572072,-11.241934558703145,-11.334968299834216,-11.42800204096529,-11.521035782096362,-11.614069523227434,-11.707103264358507,-11.80013700548958,-11.893170746620651,-11.986204487751724,-12.079238228882797,-12.17227197001387,-12.265305711144942,-12.358339452276015,-12.451373193407088,-12.54440693453816,-12.637440675669232,-12.730474416800305,-12.823508157931377,-12.91654189906245,-13.009575640193523,-13.102609381324596,-13.195643122455667,-13.28867686358674,-13.381710604717814,-13.474744345848885
-5.011791492935336,-5.104825234066409,-5.197858975197482,-5.290892716328554,-5.383926457459626,-5.4769601985906995,-5.569993939721772,-5.663027680852845,-5.756061421983917,-5.849095163114989,-5.942128904246062,-6.0351626453771345,-6.128196386508207,-6.22123012763928,-6.314263868770352,-6.407297609901425,-6.500331351032497,-6.59336509216357,-6.686398833294643,-6.779432574425715,-6.872466315556788,-6.96550005668786,-7.058533797818932,-7.1515675389500055,-7.244601280081078,-7.337635021212151,-7.430668762343223,-7.523702503474295,-7.616736244605368,-7.709769985736441,-7.802803726867514,-7.895837467998586,-7.988871209129658,-8.08190495026073,-8.174938691391803,-8.267972432522877,-8.361006173653948,-8.454039914785021,-8.547073655916094,-8.640107397047165,-8.733141138178238,-8.826174879309312,-8.919208620440385,-9.012242361571456,-9.105276102702529,-9.198309843833602,-9.291343584964673,-9.384377326095747,-9.47741106722682,-9.570444808357891,-9.663478549488964,-9.756512290620037,-9.849546031751109,-9.942579772882182,-10.035613514013255,-10.128647255144326,-10.2216809962754,-10.314714737406472,-10.407748478537545,-10.500782219668617,-10.59381596079969,-10.686849701930763,-10.779883443061834,-10.872917184192907,-10.96595092532398,-11.058984666455052,-11.152018407586125,-11.245052148717198,-11.33808588984827,-11.431119630979342,-11.524153372110415,-11.617187113241487,-11.71022085437256,-11.803254595503633,-11.896288336634706,-11.989322077765777,-12.08235581889685,-12.175389560027924,-12.268423301158995,-12.361457042290068,-12.454490783421141,-12.547524524552212,-12.640558265683286,-12.733592006814359,-12.826625747945432,-12.919659489076503,-13.012693230207576,-13.10572697133865,-13.19876071246972,-13.291794453600794,-13.384828194731867,-13.477861935862938,-13.570895676994011,-13.663929418125084,-13.756963159256156,-13.849996900387229,-13.943030641518302,-14.036064382649373,-14.129098123780446,-14.22213186491152
-4.926818287155102,-5.019852028286175,-5.1128857694172485,-5.205919510548321,-5.298953251679394,-5.391986992810466,-5.485020733941538,-5.578054475072611,-5.6710882162036835,-5.764121957334756,-5.857155698465829,-5.950189439596901,-6.043223180727974,-6.136256921859046,-6.229290662990119,-6.322324404121192,-6.415358145252264,-6.508391886383336,-6.601425627514409,-6.694459368645481,-6.787493109776554,-6.880526850907627,-6.973560592038699,-7.066594333169771,-7.159628074300844,-7.2526618154319165,-7.34569555656299,-7.438729297694062,-7.531763038825134,-7.624796779956206,-7.717830521087279,-7.8108642622183515,-7.903898003349424,-7.996931744480497,-8.08996548561157,-8.182999226742641,-8.276032967873714,-8.369066709004786,-8.462100450135859,-8.555134191266932,-8.648167932398005,-8.741201673529076,-8.83423541466015,-8.927269155791222,-9.020302896922294,-9.113336638053367,-9.20637037918444,-9.299404120315511,-9.392437861446584,-9.485471602577658,-9.578505343708729,-9.671539084839802,-9.764572825970875,-9.857606567101946,-9.95064030823302,-10.043674049364093,-10.136707790495164,-10.229741531626237,-10.32277527275731,-10.415809013888381,-10.508842755019455,-10.601876496150528,-10.6949102372816,-10.787943978412672,-10.880977719543745,-10.974011460674818,-11.06704520180589,-11.160078942936963,-11.253112684068036,-11.346146425199107,-11.43918016633018,-11.532213907461253,-11.625247648592325,-11.718281389723398,-11.81131513085447,-11.904348871985542,-11.997382613116615,-12.090416354247688,-12.18345009537876,-12.276483836509833,-12.369517577640906,-12.462551318771979,-12.55558505990305,-12.648618801034123,-12.741652542165196,-12.834686283296268,-12.927720024427341,-13.020753765558414,-13.113787506689485,-13.206821247820558,-13.299854988951632,-13.392888730082703,-13.485922471213776,-13.578956212344849,-13.67198995347592,-13.765023694606993,-13.858057435738067,-13.951091176869138,-14.044124918000211,-14.137158659131284
-4.925459722827358,-5.01849346395843,-5.111527205089502,-5.2045609462205755,-5.297594687351648,-5.390628428482721,-5.483662169613793,-5.576695910744865,-5.669729651875938,-5.762763393007011,-5.855797134138084,-5.948830875269156,-6.041864616400228,-6.134898357531301,-6.227932098662373,-6.3209658397934465,-6.413999580924519,-6.507033322055591,-6.600067063186664,-6.693100804317736,-6.7861345454488085,-6.8791682865798816,-6.972202027710954,-7.065235768842027,-7.158269509973099,-7.251303251104171,-7.344336992235244,-7.437370733366317,-7.53040447449739,-7.623438215628462,-7.716471956759534,-7.809505697890607,-7.902539439021679,-7.995573180152752,-8.088606921283825,-8.181640662414896,-8.27467440354597,-8.367708144677042,-8.460741885808115,-8.553775626939187,-8.64680936807026,-8.739843109201333,-8.832876850332404,-8.925910591463477,-9.01894433259455,-9.111978073725622,-9.205011814856695,-9.298045555987768,-9.39107929711884,-9.484113038249912,-9.577146779380985,-9.670180520512057,-9.76321426164313,-9.856248002774203,-9.949281743905274,-10.042315485036347,-10.13534922616742,-10.228382967298494,-10.321416708429565,-10.414450449560638,-10.507484190691711,-10.600517931822782,-10.693551672953856,-10.786585414084929,-10.879619155216,-10.972652896347073,-11.065686637478146,-11.158720378609218,-11.25175411974029,-11.344787860871364,-11.437821602002437,-11.530855343133508,-11.623889084264581,-11.716922825395654,-11.809956566526726,-11.902990307657799,-11.996024048788872,-12.089057789919943,-12.182091531051016,-12.27512527218209,-12.368159013313162,-12.461192754444234,-12.554226495575307,-12.64726023670638,-12.740293977837451,-12.833327718968524,-12.926361460099598,-13.019395201230669,-13.112428942361742,-13.205462683492815,-13.298496424623886,-13.39153016575496,-13.484563906886033,-13.577597648017104,-13.670631389148177,-13.76366513027925,-13.856698871410321,-13.949732612541395,-14.042766353672468,-14.13580009480354
-5.1313661823726395,-5.224399923503712,-5.317433664634784,-5.410467405765857,-5.503501146896929,-5.5965348880280015,-5.689568629159075,-5.782602370290147,-5.87563611142122,-5.968669852552292,-6.061703593683364,-6.1547373348144365,-6.24777107594551,-6.340804817076582,-6.433838558207655,-6.526872299338727,-6.619906040469799,-6.7129397816008725,-6.805973522731945,-6.899007263863018,-6.99204100499409,-7.085074746125163,-7.178108487256235,-7.2711422283873075,-7.364175969518381,-7.457209710649453,-7.550243451780525,-7.643277192911598,-7.73631093404267,-7.8293446751737426,-7.922378416304816,-8.015412157435888,-8.108445898566961,-8.201479639698032,-8.294513380829105,-8.387547121960178,-8.48058086309125,-8.573614604222323,-8.666648345353396,-8.759682086484469,-8.85271582761554,-8.945749568746614,-9.038783309877685,-9.131817051008758,-9.224850792139831,-9.317884533270902,-9.410918274401975,-9.503952015533049,-9.596985756664122,-9.690019497795193,-9.783053238926266,-9.87608698005734,-9.96912072118841,-10.062154462319484,-10.155188203450557,-10.248221944581628,-10.341255685712701,-10.434289426843774,-10.527323167974847,-10.620356909105919,-10.713390650236992,-10.806424391368065,-10.899458132499136,-10.99249187363021,-11.085525614761282,-11.178559355892354,-11.271593097023427,-11.3646268381545,-11.457660579285571,-11.550694320416644,-11.643728061547717,-11.736761802678789,-11.829795543809862,-11.922829284940935,-12.015863026072008,-12.10889676720308,-12.201930508334152,-12.294964249465226,-12.387997990596297,-12.48103173172737,-12.574065472858443,-12.667099213989516,-12.760132955120588,-12.85316669625166,-12.946200437382734,-13.039234178513805,-13.132267919644878,-13.225301660775951,-13.318335401907023,-13.411369143038096,-13.504402884169169,-13.59743662530024,-13.690470366431313,-13.783504107562386,-13.876537848693458,-13.96957158982453,-14.062605330955604,-14.155639072086675,-14.248672813217748,-14.341706554348821
-4.929028877258452,-5.0220626183895245,-5.115096359520597,-5.20813010065167,-5.301163841782742,-5.394197582913815,-5.487231324044887,-5.5802650651759595,-5.673298806307033,-5.766332547438105,-5.859366288569177,-5.95240002970025,-6.045433770831322,-6.138467511962395,-6.231501253093468,-6.32453499422454,-6.417568735355612,-6.510602476486685,-6.603636217617757,-6.6966699587488305,-6.789703699879903,-6.882737441010975,-6.975771182142048,-7.06880492327312,-7.1618386644041925,-7.254872405535266,-7.347906146666338,-7.44093988779741,-7.533973628928483,-7.627007370059555,-7.720041111190628,-7.813074852321701,-7.906108593452774,-7.999142334583846,-8.092176075714919,-8.18520981684599,-8.278243557977063,-8.371277299108137,-8.464311040239208,-8.557344781370281,-8.650378522501354,-8.743412263632427,-8.836446004763499,-8.929479745894572,-9.022513487025645,-9.115547228156716,-9.20858096928779,-9.301614710418862,-9.394648451549934,-9.487682192681007,-9.58071593381208,-9.673749674943151,-9.766783416074224,-9.859817157205297,-9.952850898336369,-10.045884639467442,-10.138918380598515,-10.231952121729586,-10.32498586286066,-10.418019603991732,-10.511053345122805,-10.604087086253877,-10.69712082738495,-10.790154568516023,-10.883188309647094,-10.976222050778167,-11.06925579190924,-11.162289533040312,-11.255323274171385,-11.348357015302458,-11.44139075643353,-11.534424497564602,-11.627458238695676,-11.720491979826747,-11.81352572095782,-11.906559462088893,-11.999593203219966,-12.092626944351037,-12.18566068548211,-12.278694426613184,-12.371728167744255,-12.464761908875328,-12.557795650006401,-12.650829391137473,-12.743863132268546,-12.836896873399619,-12.92993061453069,-13.022964355661763,-13.115998096792836,-13.209031837923908,-13.30206557905498,-13.395099320186054,-13.488133061317127,-13.581166802448198,-13.674200543579271,-13.767234284710344,-13.860268025841416,-13.953301766972489,-14.046335508103562,-14.139369249234633
-4.791407028689146,-4.884440769820218,-4.97747451095129,-5.070508252082363,-5.163541993213435,-5.256575734344508,-5.349609475475581,-5.442643216606653,-5.535676957737726,-5.628710698868798,-5.7217444399998705,-5.814778181130944,-5.907811922262016,-6.000845663393088,-6.093879404524161,-6.186913145655233,-6.279946886786306,-6.372980627917379,-6.466014369048451,-6.559048110179524,-6.652081851310596,-6.745115592441668,-6.8381493335727415,-6.931183074703814,-7.024216815834886,-7.117250556965959,-7.210284298097031,-7.303318039228104,-7.3963517803591765,-7.489385521490249,-7.582419262621322,-7.675453003752394,-7.768486744883467,-7.861520486014539,-7.9545542271456116,-8.047587968276684,-8.140621709407757,-8.23365545053883,-8.326689191669901,-8.419722932800974,-8.512756673932047,-8.60579041506312,-8.698824156194192,-8.791857897325265,-8.884891638456338,-8.97792537958741,-9.070959120718483,-9.163992861849556,-9.257026602980627,-9.3500603441117,-9.443094085242773,-9.536127826373846,-9.629161567504918,-9.72219530863599,-9.815229049767064,-9.908262790898135,-10.001296532029208,-10.094330273160281,-10.187364014291353,-10.280397755422426,-10.373431496553499,-10.46646523768457,-10.559498978815643,-10.652532719946716,-10.745566461077788,-10.83860020220886,-10.931633943339934,-11.024667684471005,-11.117701425602078,-11.210735166733151,-11.303768907864225,-11.396802648995296,-11.489836390126369,-11.582870131257442,-11.675903872388513,-11.768937613519586,-11.86197135465066,-11.95500509578173,-12.048038836912804,-12.141072578043877,-12.23410631917495,-12.327140060306021,-12.420173801437095,-12.513207542568168,-12.606241283699239,-12.699275024830312,-12.792308765961385,-12.885342507092457,-12.97837624822353,-13.071409989354603,-13.164443730485676,-13.257477471616747,-13.35051121274782,-13.443544953878893,-13.536578695009965,-13.629612436141038,-13.722646177272111,-13.815679918403182,-13.908713659534255,-14.001747400665328
-4.6960155152896546,-4.789049256420728,-4.882082997551801,-4.975116738682873,-5.068150479813945,-5.161184220945018,-5.2542179620760905,-5.347251703207164,-5.440285444338236,-5.533319185469308,-5.626352926600381,-5.719386667731453,-5.812420408862526,-5.905454149993599,-5.998487891124671,-6.091521632255744,-6.184555373386816,-6.277589114517889,-6.3706228556489615,-6.463656596780034,-6.556690337911107,-6.649724079042179,-6.742757820173252,-6.835791561304324,-6.9288253024353965,-7.02185904356647,-7.114892784697542,-7.207926525828614,-7.300960266959687,-7.393994008090759,-7.4870277492218325,-7.580061490352905,-7.673095231483977,-7.76612897261505,-7.859162713746122,-7.952196454877195,-8.045230196008267,-8.13826393713934,-8.231297678270412,-8.324331419401485,-8.417365160532558,-8.51039890166363,-8.603432642794703,-8.696466383925776,-8.789500125056847,-8.88253386618792,-8.975567607318993,-9.068601348450066,-9.161635089581138,-9.25466883071221,-9.347702571843284,-9.440736312974355,-9.533770054105428,-9.626803795236501,-9.719837536367573,-9.812871277498646,-9.905905018629719,-9.99893875976079,-10.091972500891863,-10.185006242022936,-10.278039983154008,-10.37107372428508,-10.464107465416154,-10.557141206547225,-10.650174947678298,-10.743208688809371,-10.836242429940445,-10.929276171071516,-11.022309912202589,-11.115343653333662,-11.208377394464733,-11.301411135595806,-11.39444487672688,-11.48747861785795,-11.580512358989024,-11.673546100120097,-11.766579841251168,-11.859613582382242,-11.952647323513315,-12.045681064644386,-12.138714805775459,-12.231748546906532,-12.324782288037603,-12.417816029168677,-12.51084977029975,-12.603883511430823,-12.696917252561894,-12.789950993692967,-12.88298473482404,-12.976018475955112,-13.069052217086185,-13.162085958217258,-13.25511969934833,-13.348153440479402,-13.441187181610475,-13.534220922741547,-13.62725466387262,-13.720288405003693,-13.813322146134764,-13.906355887265837
-4.823479637167,-4.916513378298073,-5.009547119429146,-5.102580860560218,-5.1956146016912905,-5.288648342822364,-5.381682083953436,-5.474715825084508,-5.567749566215581,-5.660783307346653,-5.753817048477726,-5.846850789608798,-5.939884530739871,-6.032918271870943,-6.125952013002016,-6.218985754133088,-6.312019495264161,-6.405053236395234,-6.498086977526306,-6.591120718657379,-6.684154459788451,-6.7771882009195235,-6.8702219420505966,-6.963255683181669,-7.056289424312742,-7.149323165443814,-7.242356906574886,-7.335390647705959,-7.428424388837032,-7.521458129968104,-7.614491871099177,-7.707525612230249,-7.800559353361322,-7.893593094492394,-7.986626835623467,-8.07966057675454,-8.172694317885613,-8.265728059016684,-8.358761800147757,-8.45179554127883,-8.544829282409902,-8.637863023540975,-8.730896764672048,-8.82393050580312,-8.916964246934192,-9.009997988065265,-9.103031729196337,-9.19606547032741,-9.289099211458483,-9.382132952589554,-9.475166693720627,-9.5682004348517,-9.661234175982774,-9.754267917113845,-9.847301658244918,-9.940335399375991,-10.033369140507062,-10.126402881638136,-10.219436622769209,-10.31247036390028,-10.405504105031353,-10.498537846162426,-10.591571587293497,-10.68460532842457,-10.777639069555644,-10.870672810686717,-10.963706551817788,-11.056740292948861,-11.149774034079934,-11.242807775211006,-11.335841516342079,-11.428875257473152,-11.521908998604223,-11.614942739735296,-11.70797648086637,-11.80101022199744,-11.894043963128514,-11.987077704259587,-12.080111445390658,-12.173145186521731,-12.266178927652804,-12.359212668783876,-12.452246409914949,-12.545280151046022,-12.638313892177095,-12.731347633308166,-12.82438137443924,-12.917415115570313,-13.010448856701384,-13.103482597832457,-13.19651633896353,-13.289550080094603,-13.382583821225674,-13.475617562356748,-13.56865130348782,-13.661685044618892,-13.754718785749965,-13.847752526881038,-13.94078626801211,-14.033820009143183
-5.0502686381917465,-5.143302379322819,-5.236336120453891,-5.329369861584964,-5.422403602716036,-5.5154373438471085,-5.608471084978182,-5.701504826109254,-5.794538567240326,-5.887572308371399,-5.980606049502471,-6.073639790633544,-6.166673531764617,-6.259707272895689,-6.352741014026762,-6.445774755157834,-6.538808496288906,-6.6318422374199795,-6.724875978551052,-6.817909719682125,-6.910943460813197,-7.003977201944269,-7.097010943075342,-7.1900446842064145,-7.283078425337487,-7.37611216646856,-7.469145907599632,-7.562179648730705,-7.655213389861777,-7.74824713099285,-7.841280872123923,-7.934314613254995,-8.027348354386067,-8.12038209551714,-8.213415836648213,-8.306449577779285,-8.399483318910358,-8.49251706004143,-8.585550801172502,-8.678584542303575,-8.771618283434648,-8.86465202456572,-8.957685765696793,-9.050719506827866,-9.143753247958939,-9.23678698909001,-9.329820730221083,-9.422854471352156,-9.515888212483228,-9.608921953614301,-9.701955694745374,-9.794989435876445,-9.888023177007518,-9.981056918138592,-10.074090659269663,-10.167124400400736,-10.260158141531809,-10.35319188266288,-10.446225623793953,-10.539259364925027,-10.632293106056098,-10.725326847187171,-10.818360588318244,-10.911394329449317,-11.004428070580389,-11.097461811711462,-11.190495552842535,-11.283529293973606,-11.37656303510468,-11.469596776235752,-11.562630517366824,-11.655664258497897,-11.74869799962897,-11.841731740760041,-11.934765481891114,-12.027799223022187,-12.120832964153259,-12.213866705284332,-12.306900446415405,-12.399934187546478,-12.49296792867755,-12.586001669808622,-12.679035410939695,-12.772069152070767,-12.86510289320184,-12.958136634332913,-13.051170375463984,-13.144204116595057,-13.23723785772613,-13.330271598857202,-13.423305339988275,-13.516339081119348,-13.60937282225042,-13.702406563381492,-13.795440304512566,-13.888474045643639,-13.98150778677471,-14.074541527905783,-14.167575269036856,-14.260609010167927
-4.72486951936336,-4.817903260494433,-4.9109370016255065,-5.003970742756579,-5.097004483887651,-5.190038225018724,-5.283071966149796,-5.376105707280869,-5.4691394484119416,-5.562173189543014,-5.655206930674087,-5.748240671805159,-5.841274412936231,-5.934308154067304,-6.027341895198377,-6.120375636329449,-6.213409377460522,-6.306443118591594,-6.399476859722667,-6.492510600853739,-6.585544341984812,-6.678578083115885,-6.771611824246957,-6.864645565378029,-6.957679306509102,-7.0507130476401745,-7.143746788771247,-7.23678052990232,-7.329814271033392,-7.422848012164464,-7.515881753295537,-7.6089154944266095,-7.701949235557682,-7.794982976688755,-7.888016717819827,-7.981050458950899,-8.074084200081971,-8.167117941213045,-8.260151682344118,-8.35318542347519,-8.446219164606262,-8.539252905737335,-8.632286646868408,-8.72532038799948,-8.818354129130553,-8.911387870261626,-9.004421611392697,-9.09745535252377,-9.190489093654843,-9.283522834785915,-9.376556575916988,-9.46959031704806,-9.562624058179132,-9.655657799310205,-9.748691540441278,-9.84172528157235,-9.934759022703423,-10.027792763834496,-10.120826504965569,-10.21386024609664,-10.306893987227713,-10.399927728358787,-10.492961469489858,-10.585995210620931,-10.679028951752004,-10.772062692883075,-10.865096434014148,-10.958130175145222,-11.051163916276293,-11.144197657407366,-11.237231398538439,-11.33026513966951,-11.423298880800584,-11.516332621931657,-11.609366363062728,-11.702400104193801,-11.795433845324874,-11.888467586455945,-11.981501327587019,-12.074535068718092,-12.167568809849163,-12.260602550980236,-12.35363629211131,-12.44667003324238,-12.539703774373454,-12.632737515504527,-12.725771256635598,-12.818804997766671,-12.911838738897744,-13.004872480028817,-13.097906221159889,-13.190939962290962,-13.283973703422035,-13.377007444553106,-13.47004118568418,-13.563074926815252,-13.656108667946324,-13.749142409077397,-13.84217615020847,-13.935209891339543
-4.5851338503731425,-4.678167591504216,-4.771201332635289,-4.864235073766361,-4.957268814897434,-5.050302556028506,-5.143336297159578,-5.236370038290651,-5.329403779421724,-5.422437520552796,-5.515471261683869,-5.608505002814941,-5.701538743946014,-5.7945724850770866,-5.887606226208159,-5.980639967339232,-6.073673708470304,-6.166707449601376,-6.259741190732449,-6.352774931863522,-6.445808672994594,-6.538842414125667,-6.631876155256739,-6.724909896387812,-6.817943637518884,-6.910977378649957,-7.00401111978103,-7.097044860912102,-7.190078602043174,-7.283112343174247,-7.3761460843053195,-7.469179825436393,-7.562213566567465,-7.655247307698537,-7.74828104882961,-7.841314789960682,-7.934348531091755,-8.027382272222827,-8.1204160133539,-8.213449754484973,-8.306483495616046,-8.399517236747117,-8.49255097787819,-8.585584719009264,-8.678618460140335,-8.771652201271408,-8.864685942402481,-8.957719683533552,-9.050753424664626,-9.143787165795699,-9.23682090692677,-9.329854648057843,-9.422888389188916,-9.515922130319987,-9.60895587145106,-9.701989612582134,-9.795023353713207,-9.888057094844278,-9.981090835975351,-10.074124577106424,-10.167158318237496,-10.260192059368569,-10.353225800499642,-10.446259541630713,-10.539293282761786,-10.63232702389286,-10.72536076502393,-10.818394506155004,-10.911428247286077,-11.00446198841715,-11.097495729548221,-11.190529470679294,-11.283563211810367,-11.376596952941439,-11.469630694072512,-11.562664435203585,-11.655698176334656,-11.74873191746573,-11.841765658596803,-11.934799399727874,-12.027833140858947,-12.12086688199002,-12.213900623121091,-12.306934364252164,-12.399968105383238,-12.49300184651431,-12.586035587645382,-12.679069328776455,-12.772103069907528,-12.8651368110386,-12.958170552169673,-13.051204293300746,-13.144238034431817,-13.23727177556289,-13.330305516693963,-13.423339257825036,-13.516372998956108,-13.60940674008718,-13.702440481218254,-13.795474222349325
-4.720414838225615,-4.813448579356687,-4.9064823204877595,-4.999516061618832,-5.092549802749905,-5.185583543880977,-5.27861728501205,-5.371651026143122,-5.4646847672741945,-5.557718508405268,-5.65075224953634,-5.743785990667412,-5.836819731798485,-5.929853472929557,-6.0228872140606295,-6.115920955191703,-6.208954696322775,-6.301988437453848,-6.39502217858492,-6.488055919715992,-6.5810896608470655,-6.674123401978138,-6.76715714310921,-6.860190884240283,-6.953224625371355,-7.046258366502428,-7.1392921076335005,-7.232325848764574,-7.325359589895646,-7.418393331026718,-7.511427072157791,-7.604460813288863,-7.697494554419936,-7.790528295551009,-7.883562036682081,-7.976595777813153,-8.069629518944225,-8.162663260075298,-8.255697001206372,-8.348730742337443,-8.441764483468516,-8.534798224599589,-8.62783196573066,-8.720865706861733,-8.813899447992807,-8.906933189123878,-8.999966930254951,-9.093000671386024,-9.186034412517095,-9.279068153648169,-9.372101894779242,-9.465135635910313,-9.558169377041386,-9.65120311817246,-9.744236859303532,-9.837270600434604,-9.930304341565677,-10.02333808269675,-10.116371823827821,-10.209405564958894,-10.302439306089967,-10.39547304722104,-10.488506788352112,-10.581540529483185,-10.674574270614258,-10.76760801174533,-10.860641752876402,-10.953675494007475,-11.046709235138547,-11.13974297626962,-11.232776717400693,-11.325810458531764,-11.418844199662837,-11.51187794079391,-11.604911681924984,-11.697945423056055,-11.790979164187128,-11.884012905318201,-11.977046646449272,-12.070080387580346,-12.163114128711419,-12.25614786984249,-12.349181610973563,-12.442215352104636,-12.535249093235707,-12.62828283436678,-12.721316575497854,-12.814350316628925,-12.907384057759998,-13.000417798891071,-13.093451540022143,-13.186485281153216,-13.279519022284289,-13.37255276341536,-13.465586504546433,-13.558620245677506,-13.65165398680858,-13.74468772793965,-13.837721469070724,-13.930755210201797
-4.6954818583593605,-4.788515599490434,-4.881549340621507,-4.974583081752579,-5.067616822883651,-5.160650564014723,-5.253684305145796,-5.346718046276869,-5.439751787407942,-5.532785528539014,-5.625819269670086,-5.718853010801159,-5.8118867519322315,-5.904920493063305,-5.997954234194377,-6.090987975325449,-6.184021716456522,-6.277055457587594,-6.3700891987186665,-6.46312293984974,-6.556156680980812,-6.649190422111885,-6.742224163242957,-6.835257904374029,-6.9282916455051025,-7.021325386636175,-7.114359127767247,-7.20739286889832,-7.300426610029392,-7.393460351160465,-7.4864940922915375,-7.57952783342261,-7.672561574553683,-7.765595315684755,-7.858629056815828,-7.9516627979469,-8.044696539077973,-8.137730280209045,-8.230764021340118,-8.323797762471191,-8.416831503602262,-8.509865244733335,-8.602898985864408,-8.69593272699548,-8.788966468126553,-8.882000209257626,-8.975033950388697,-9.06806769151977,-9.161101432650844,-9.254135173781915,-9.347168914912988,-9.440202656044061,-9.533236397175134,-9.626270138306205,-9.719303879437279,-9.812337620568352,-9.905371361699423,-9.998405102830496,-10.09143884396157,-10.18447258509264,-10.277506326223714,-10.370540067354787,-10.463573808485858,-10.556607549616931,-10.649641290748004,-10.742675031879077,-10.835708773010149,-10.928742514141222,-11.021776255272295,-11.114809996403366,-11.20784373753444,-11.300877478665512,-11.393911219796584,-11.486944960927657,-11.57997870205873,-11.673012443189801,-11.766046184320874,-11.859079925451947,-11.95211366658302,-12.045147407714092,-12.138181148845165,-12.231214889976238,-12.32424863110731,-12.417282372238382,-12.510316113369456,-12.603349854500527,-12.6963835956316,-12.789417336762673,-12.882451077893744,-12.975484819024818,-13.06851856015589,-13.161552301286962,-13.254586042418035,-13.347619783549108,-13.440653524680181,-13.533687265811253,-13.626721006942326,-13.719754748073399,-13.81278848920447,-13.905822230335543
-4.637415990265769,-4.730449731396841,-4.823483472527913,-4.916517213658985,-5.0095509547900585,-5.102584695921131,-5.195618437052203,-5.288652178183276,-5.381685919314348,-5.474719660445421,-5.567753401576494,-5.660787142707566,-5.753820883838639,-5.846854624969711,-5.939888366100783,-6.032922107231856,-6.125955848362929,-6.218989589494002,-6.312023330625074,-6.405057071756146,-6.498090812887219,-6.5911245540182914,-6.6841582951493645,-6.777192036280437,-6.870225777411509,-6.963259518542581,-7.056293259673654,-7.1493270008047265,-7.242360741935799,-7.335394483066872,-7.428428224197944,-7.521461965329016,-7.614495706460089,-7.7075294475911615,-7.800563188722234,-7.893596929853307,-7.986630670984379,-8.079664412115452,-8.172698153246525,-8.265731894377597,-8.35876563550867,-8.451799376639743,-8.544833117770814,-8.637866858901887,-8.73090060003296,-8.823934341164032,-8.916968082295105,-9.010001823426178,-9.10303556455725,-9.196069305688322,-9.289103046819395,-9.382136787950467,-9.47517052908154,-9.568204270212613,-9.661238011343686,-9.754271752474757,-9.84730549360583,-9.940339234736904,-10.033372975867975,-10.126406716999048,-10.219440458130121,-10.312474199261192,-10.405507940392265,-10.498541681523339,-10.591575422654412,-10.684609163785483,-10.777642904916556,-10.87067664604763,-10.9637103871787,-11.056744128309774,-11.149777869440847,-11.242811610571918,-11.335845351702991,-11.428879092834064,-11.521912833965136,-11.614946575096209,-11.707980316227282,-11.801014057358355,-11.894047798489426,-11.9870815396205,-12.080115280751572,-12.173149021882644,-12.266182763013717,-12.35921650414479,-12.452250245275861,-12.545283986406934,-12.638317727538007,-12.731351468669079,-12.824385209800152,-12.917418950931225,-13.010452692062296,-13.10348643319337,-13.196520174324442,-13.289553915455516,-13.382587656586587,-13.47562139771766,-13.568655138848733,-13.661688879979804,-13.754722621110878,-13.84775636224195
-4.760065858564773,-4.853099599695845,-4.9461333408269175,-5.03916708195799,-5.132200823089063,-5.225234564220135,-5.318268305351207,-5.41130204648228,-5.5043357876133525,-5.597369528744425,-5.690403269875498,-5.78343701100657,-5.876470752137643,-5.969504493268715,-6.062538234399788,-6.155571975530861,-6.248605716661933,-6.341639457793005,-6.434673198924078,-6.52770694005515,-6.6207406811862235,-6.713774422317296,-6.806808163448368,-6.899841904579441,-6.992875645710513,-7.0859093868415854,-7.1789431279726585,-7.271976869103731,-7.365010610234804,-7.458044351365876,-7.551078092496948,-7.644111833628021,-7.737145574759094,-7.830179315890166,-7.923213057021239,-8.016246798152311,-8.109280539283384,-8.202314280414456,-8.295348021545529,-8.388381762676602,-8.481415503807675,-8.574449244938746,-8.66748298606982,-8.760516727200892,-8.853550468331964,-8.946584209463037,-9.03961795059411,-9.132651691725181,-9.225685432856254,-9.318719173987327,-9.411752915118399,-9.504786656249472,-9.597820397380545,-9.690854138511616,-9.78388787964269,-9.876921620773762,-9.969955361904834,-10.062989103035907,-10.15602284416698,-10.249056585298051,-10.342090326429124,-10.435124067560198,-10.52815780869127,-10.621191549822342,-10.714225290953415,-10.807259032084488,-10.90029277321556,-10.993326514346633,-11.086360255477706,-11.179393996608777,-11.27242773773985,-11.365461478870923,-11.458495220001994,-11.551528961133068,-11.64456270226414,-11.737596443395214,-11.830630184526285,-11.923663925657358,-12.016697666788431,-12.109731407919503,-12.202765149050576,-12.295798890181649,-12.38883263131272,-12.481866372443793,-12.574900113574866,-12.667933854705938,-12.76096759583701,-12.854001336968084,-12.947035078099155,-13.040068819230228,-13.133102560361301,-13.226136301492373,-13.319170042623446,-13.412203783754519,-13.505237524885592,-13.598271266016663,-13.691305007147736,-13.78433874827881,-13.877372489409881,-13.970406230540954
-4.97033574402826,-5.063369485159333,-5.156403226290406,-5.249436967421478,-5.3424707085525505,-5.435504449683624,-5.528538190814696,-5.621571931945769,-5.714605673076841,-5.807639414207913,-5.900673155338986,-5.993706896470059,-6.086740637601132,-6.179774378732204,-6.272808119863276,-6.365841860994349,-6.4588756021254214,-6.551909343256494,-6.644943084387567,-6.737976825518639,-6.831010566649711,-6.924044307780784,-7.0170780489118565,-7.11011179004293,-7.203145531174002,-7.296179272305074,-7.389213013436147,-7.482246754567219,-7.5752804956982915,-7.668314236829365,-7.761347977960437,-7.85438171909151,-7.947415460222582,-8.040449201353654,-8.133482942484727,-8.226516683615799,-8.319550424746872,-8.412584165877945,-8.505617907009018,-8.59865164814009,-8.691685389271163,-8.784719130402236,-8.877752871533307,-8.97078661266438,-9.063820353795453,-9.156854094926524,-9.249887836057598,-9.34292157718867,-9.435955318319744,-9.528989059450815,-9.622022800581888,-9.715056541712961,-9.808090282844033,-9.901124023975106,-9.994157765106179,-10.08719150623725,-10.180225247368323,-10.273258988499396,-10.366292729630468,-10.45932647076154,-10.552360211892614,-10.645393953023685,-10.738427694154758,-10.831461435285831,-10.924495176416903,-11.017528917547976,-11.110562658679049,-11.20359639981012,-11.296630140941193,-11.389663882072266,-11.48269762320334,-11.57573136433441,-11.668765105465484,-11.761798846596557,-11.854832587727628,-11.947866328858701,-12.040900069989775,-12.133933811120846,-12.226967552251919,-12.320001293382992,-12.413035034514063,-12.506068775645137,-12.59910251677621,-12.692136257907281,-12.785169999038354,-12.878203740169427,-12.971237481300498,-13.064271222431572,-13.157304963562645,-13.250338704693716,-13.343372445824789,-13.436406186955862,-13.529439928086935,-13.622473669218007,-13.71550741034908,-13.808541151480153,-13.901574892611224,-13.994608633742297,-14.08764237487337,-14.180676116004442
-5.052118364717056,-5.145152105848129,-5.238185846979202,-5.331219588110274,-5.424253329241346,-5.5172870703724195,-5.610320811503492,-5.703354552634565,-5.796388293765637,-5.889422034896709,-5.982455776027782,-6.0754895171588545,-6.168523258289928,-6.261556999421,-6.354590740552072,-6.447624481683145,-6.540658222814217,-6.63369196394529,-6.726725705076363,-6.819759446207435,-6.912793187338508,-7.00582692846958,-7.098860669600652,-7.1918944107317255,-7.284928151862798,-7.37796189299387,-7.470995634124943,-7.564029375256015,-7.657063116387088,-7.750096857518161,-7.843130598649233,-7.936164339780306,-8.029198080911378,-8.122231822042451,-8.215265563173523,-8.308299304304596,-8.401333045435669,-8.494366786566742,-8.587400527697813,-8.680434268828886,-8.77346800995996,-8.86650175109103,-8.959535492222104,-9.052569233353177,-9.145602974484248,-9.238636715615321,-9.331670456746394,-9.424704197877467,-9.517737939008539,-9.610771680139612,-9.703805421270685,-9.796839162401756,-9.88987290353283,-9.982906644663903,-10.075940385794974,-10.168974126926047,-10.26200786805712,-10.355041609188191,-10.448075350319264,-10.541109091450338,-10.634142832581409,-10.727176573712482,-10.820210314843555,-10.913244055974628,-11.0062777971057,-11.099311538236773,-11.192345279367846,-11.285379020498917,-11.37841276162999,-11.471446502761063,-11.564480243892135,-11.657513985023208,-11.75054772615428,-11.843581467285354,-11.936615208416425,-12.029648949547498,-12.122682690678571,-12.215716431809643,-12.308750172940716,-12.401783914071789,-12.49481765520286,-12.587851396333933,-12.680885137465006,-12.773918878596078,-12.86695261972715,-12.959986360858224,-13.053020101989295,-13.146053843120368,-13.239087584251441,-13.332121325382513,-13.425155066513586,-13.518188807644659,-13.61122254877573,-13.704256289906803,-13.797290031037877,-13.890323772168948,-13.983357513300021,-14.076391254431094,-14.169424995562165,-14.262458736693238
-4.67150406772757,-4.764537808858643,-4.857571549989716,-4.950605291120788,-5.043639032251861,-5.136672773382934,-5.229706514514006,-5.322740255645079,-5.415773996776151,-5.508807737907223,-5.601841479038296,-5.694875220169369,-5.787908961300442,-5.880942702431514,-5.973976443562586,-6.067010184693659,-6.1600439258247315,-6.253077666955805,-6.346111408086877,-6.439145149217949,-6.532178890349022,-6.625212631480094,-6.7182463726111665,-6.81128011374224,-6.904313854873312,-6.997347596004384,-7.090381337135457,-7.183415078266529,-7.2764488193976025,-7.369482560528675,-7.462516301659748,-7.55555004279082,-7.648583783921892,-7.741617525052965,-7.8346512661840375,-7.92768500731511,-8.020718748446182,-8.113752489577255,-8.206786230708328,-8.2998199718394,-8.392853712970473,-8.485887454101546,-8.578921195232617,-8.67195493636369,-8.764988677494763,-8.858022418625835,-8.951056159756908,-9.04408990088798,-9.137123642019054,-9.230157383150125,-9.323191124281198,-9.416224865412271,-9.509258606543343,-9.602292347674416,-9.695326088805489,-9.78835982993656,-9.881393571067633,-9.974427312198706,-10.067461053329778,-10.16049479446085,-10.253528535591924,-10.346562276722997,-10.439596017854068,-10.532629758985141,-10.625663500116215,-10.718697241247286,-10.811730982378359,-10.904764723509432,-10.997798464640503,-11.090832205771576,-11.18386594690265,-11.276899688033721,-11.369933429164794,-11.462967170295867,-11.556000911426938,-11.649034652558012,-11.742068393689085,-11.835102134820158,-11.928135875951229,-12.021169617082302,-12.114203358213375,-12.207237099344447,-12.30027084047552,-12.393304581606593,-12.486338322737664,-12.579372063868737,-12.67240580499981,-12.765439546130882,-12.858473287261955,-12.951507028393028,-13.0445407695241,-13.137574510655172,-13.230608251786245,-13.323641992917317,-13.41667573404839,-13.509709475179463,-13.602743216310536,-13.695776957441607,-13.78881069857268,-13.881844439703753
-4.929734700928483,-5.022768442059555,-5.1158021831906275,-5.2088359243217,-5.301869665452773,-5.394903406583845,-5.487937147714918,-5.58097088884599,-5.674004629977063,-5.767038371108136,-5.860072112239208,-5.95310585337028,-6.046139594501353,-6.139173335632425,-6.232207076763498,-6.325240817894571,-6.418274559025643,-6.511308300156715,-6.604342041287788,-6.6973757824188604,-6.7904095235499335,-6.883443264681006,-6.976477005812078,-7.069510746943151,-7.162544488074223,-7.2555782292052955,-7.348611970336369,-7.441645711467441,-7.534679452598514,-7.627713193729586,-7.720746934860658,-7.813780675991731,-7.906814417122804,-7.999848158253877,-8.092881899384949,-8.185915640516022,-8.278949381647093,-8.371983122778166,-8.46501686390924,-8.558050605040311,-8.651084346171384,-8.744118087302457,-8.837151828433528,-8.930185569564602,-9.023219310695675,-9.116253051826746,-9.209286792957819,-9.302320534088892,-9.395354275219965,-9.488388016351037,-9.58142175748211,-9.674455498613183,-9.767489239744254,-9.860522980875327,-9.9535567220064,-10.046590463137472,-10.139624204268545,-10.232657945399618,-10.32569168653069,-10.418725427661762,-10.511759168792835,-10.604792909923907,-10.69782665105498,-10.790860392186053,-10.883894133317124,-10.976927874448197,-11.06996161557927,-11.162995356710343,-11.256029097841415,-11.349062838972488,-11.442096580103561,-11.535130321234632,-11.628164062365705,-11.721197803496779,-11.81423154462785,-11.907265285758923,-12.000299026889996,-12.093332768021067,-12.18636650915214,-12.279400250283214,-12.372433991414285,-12.465467732545358,-12.558501473676431,-12.651535214807502,-12.744568955938576,-12.837602697069649,-12.93063643820072,-13.023670179331793,-13.116703920462866,-13.20973766159394,-13.30277140272501,-13.395805143856084,-13.488838884987157,-13.581872626118228,-13.674906367249301,-13.767940108380374,-13.860973849511446,-13.954007590642519,-14.047041331773592,-14.140075072904663
-4.892080119029986,-4.985113860161058,-5.07814760129213,-5.171181342423203,-5.264215083554276,-5.357248824685349,-5.450282565816421,-5.543316306947493,-5.636350048078566,-5.729383789209638,-5.8224175303407115,-5.915451271471784,-6.008485012602856,-6.101518753733929,-6.194552494865001,-6.2875862359960735,-6.380619977127147,-6.473653718258219,-6.566687459389292,-6.659721200520364,-6.752754941651437,-6.845788682782509,-6.938822423913582,-7.031856165044655,-7.124889906175727,-7.217923647306799,-7.310957388437872,-7.4039911295689445,-7.4970248707000176,-7.59005861183109,-7.683092352962162,-7.776126094093235,-7.869159835224307,-7.9621935763553795,-8.055227317486452,-8.148261058617525,-8.241294799748598,-8.33432854087967,-8.427362282010742,-8.520396023141815,-8.613429764272887,-8.70646350540396,-8.799497246535033,-8.892530987666106,-8.985564728797177,-9.07859846992825,-9.171632211059324,-9.264665952190395,-9.357699693321468,-9.450733434452541,-9.543767175583612,-9.636800916714686,-9.729834657845759,-9.82286839897683,-9.915902140107903,-10.008935881238976,-10.101969622370047,-10.19500336350112,-10.288037104632194,-10.381070845763265,-10.474104586894338,-10.567138328025411,-10.660172069156483,-10.753205810287556,-10.846239551418629,-10.939273292549702,-11.032307033680773,-11.125340774811846,-11.21837451594292,-11.31140825707399,-11.404441998205064,-11.497475739336137,-11.590509480467208,-11.683543221598281,-11.776576962729354,-11.869610703860426,-11.962644444991499,-12.055678186122572,-12.148711927253643,-12.241745668384716,-12.33477940951579,-12.42781315064686,-12.520846891777934,-12.613880632909007,-12.706914374040078,-12.799948115171151,-12.892981856302224,-12.986015597433296,-13.079049338564369,-13.172083079695442,-13.265116820826515,-13.358150561957586,-13.45118430308866,-13.544218044219733,-13.637251785350804,-13.730285526481877,-13.82331926761295,-13.916353008744021,-14.009386749875095,-14.102420491006168
-4.610622532513409,-4.703656273644482,-4.796690014775555,-4.889723755906627,-4.9827574970377,-5.075791238168772,-5.168824979299845,-5.261858720430918,-5.35489246156199,-5.447926202693062,-5.540959943824135,-5.6339936849552075,-5.727027426086281,-5.820061167217353,-5.913094908348425,-6.006128649479498,-6.09916239061057,-6.1921961317416425,-6.285229872872716,-6.378263614003788,-6.47129735513486,-6.564331096265933,-6.657364837397005,-6.7503985785280785,-6.843432319659151,-6.936466060790223,-7.029499801921296,-7.122533543052368,-7.21556728418344,-7.3086010253145135,-7.401634766445586,-7.494668507576659,-7.587702248707731,-7.680735989838803,-7.773769730969876,-7.8668034721009485,-7.959837213232021,-8.052870954363094,-8.145904695494167,-8.238938436625238,-8.331972177756311,-8.425005918887384,-8.518039660018456,-8.611073401149529,-8.704107142280602,-8.797140883411673,-8.890174624542746,-8.98320836567382,-9.07624210680489,-9.169275847935964,-9.262309589067037,-9.35534333019811,-9.448377071329181,-9.541410812460255,-9.634444553591328,-9.727478294722399,-9.820512035853472,-9.913545776984545,-10.006579518115617,-10.09961325924669,-10.192647000377763,-10.285680741508834,-10.378714482639907,-10.47174822377098,-10.564781964902053,-10.657815706033125,-10.750849447164198,-10.84388318829527,-10.936916929426342,-11.029950670557415,-11.122984411688488,-11.21601815281956,-11.309051893950633,-11.402085635081706,-11.495119376212779,-11.58815311734385,-11.681186858474923,-11.774220599605995,-11.867254340737068,-11.960288081868141,-12.053321822999214,-12.146355564130285,-12.239389305261358,-12.332423046392432,-12.425456787523503,-12.518490528654576,-12.611524269785649,-12.704558010916722,-12.797591752047794,-12.890625493178867,-12.98365923430994,-13.076692975441011,-13.169726716572084,-13.262760457703157,-13.355794198834229,-13.448827939965302,-13.541861681096375,-13.634895422227448,-13.72792916335852,-13.820962904489592
-4.824237894319568,-4.917271635450641,-5.010305376581714,-5.103339117712786,-5.1963728588438585,-5.289406599974932,-5.382440341106004,-5.475474082237077,-5.568507823368149,-5.661541564499221,-5.754575305630294,-5.847609046761367,-5.940642787892439,-6.033676529023512,-6.126710270154584,-6.219744011285657,-6.3127777524167294,-6.405811493547802,-6.498845234678875,-6.591878975809947,-6.684912716941019,-6.777946458072092,-6.8709801992031645,-6.964013940334238,-7.05704768146531,-7.150081422596382,-7.243115163727455,-7.336148904858527,-7.4291826459895995,-7.522216387120673,-7.615250128251745,-7.708283869382817,-7.80131761051389,-7.894351351644962,-7.9873850927760355,-8.080418833907107,-8.17345257503818,-8.266486316169253,-8.359520057300326,-8.452553798431397,-8.54558753956247,-8.638621280693542,-8.731655021824615,-8.824688762955688,-8.917722504086761,-9.010756245217832,-9.103789986348906,-9.196823727479979,-9.28985746861105,-9.382891209742123,-9.475924950873196,-9.568958692004268,-9.66199243313534,-9.755026174266414,-9.848059915397485,-9.941093656528558,-10.034127397659631,-10.127161138790703,-10.220194879921776,-10.313228621052849,-10.40626236218392,-10.499296103314993,-10.592329844446066,-10.685363585577138,-10.77839732670821,-10.871431067839284,-10.964464808970355,-11.057498550101428,-11.150532291232501,-11.243566032363573,-11.336599773494646,-11.429633514625719,-11.522667255756792,-11.615700996887863,-11.708734738018936,-11.80176847915001,-11.89480222028108,-11.987835961412154,-12.080869702543227,-12.173903443674298,-12.266937184805371,-12.359970925936445,-12.453004667067516,-12.546038408198589,-12.639072149329662,-12.732105890460733,-12.825139631591806,-12.91817337272288,-13.011207113853953,-13.104240854985024,-13.197274596116097,-13.29030833724717,-13.383342078378242,-13.476375819509315,-13.569409560640388,-13.662443301771459,-13.755477042902532,-13.848510784033605,-13.941544525164677,-14.03457826629575
-4.817252240774726,-4.9102859819057985,-5.003319723036871,-5.096353464167943,-5.189387205299016,-5.282420946430088,-5.375454687561161,-5.4684884286922335,-5.561522169823306,-5.654555910954379,-5.747589652085451,-5.840623393216523,-5.933657134347596,-6.0266908754786686,-6.119724616609741,-6.212758357740814,-6.305792098871886,-6.398825840002958,-6.491859581134031,-6.584893322265104,-6.677927063396177,-6.770960804527249,-6.863994545658321,-6.957028286789394,-7.050062027920466,-7.143095769051539,-7.236129510182612,-7.329163251313684,-7.422196992444757,-7.515230733575829,-7.6082644747069015,-7.701298215837975,-7.794331956969047,-7.887365698100119,-7.980399439231192,-8.073433180362265,-8.166466921493337,-8.25950066262441,-8.352534403755483,-8.445568144886554,-8.538601886017627,-8.6316356271487,-8.724669368279773,-8.817703109410845,-8.910736850541918,-9.003770591672989,-9.096804332804062,-9.189838073935135,-9.282871815066208,-9.37590555619728,-9.468939297328353,-9.561973038459426,-9.655006779590497,-9.74804052072157,-9.841074261852643,-9.934108002983715,-10.027141744114788,-10.120175485245861,-10.213209226376932,-10.306242967508005,-10.399276708639078,-10.49231044977015,-10.585344190901223,-10.678377932032296,-10.771411673163367,-10.86444541429444,-10.957479155425514,-11.050512896556585,-11.143546637687658,-11.236580378818731,-11.329614119949804,-11.422647861080875,-11.515681602211949,-11.608715343343022,-11.701749084474093,-11.794782825605166,-11.88781656673624,-11.98085030786731,-12.073884048998384,-12.166917790129457,-12.25995153126053,-12.352985272391601,-12.446019013522674,-12.539052754653747,-12.632086495784819,-12.725120236915892,-12.818153978046965,-12.911187719178036,-13.00422146030911,-13.097255201440182,-13.190288942571254,-13.283322683702327,-13.3763564248334,-13.469390165964471,-13.562423907095544,-13.655457648226617,-13.74849138935769,-13.841525130488762,-13.934558871619835,-14.027592612750908
-4.531101935104466,-4.6241356762355394,-4.7171694173666125,-4.810203158497685,-4.903236899628758,-4.99627064075983,-5.089304381890902,-5.182338123021975,-5.275371864153048,-5.36840560528412,-5.461439346415193,-5.554473087546265,-5.647506828677338,-5.74054056980841,-5.833574310939483,-5.926608052070556,-6.019641793201628,-6.1126755343327,-6.205709275463772,-6.2987430165948455,-6.391776757725918,-6.484810498856991,-6.577844239988063,-6.670877981119135,-6.763911722250208,-6.8569454633812805,-6.949979204512353,-7.043012945643426,-7.136046686774498,-7.229080427905571,-7.322114169036643,-7.415147910167716,-7.508181651298789,-7.601215392429861,-7.694249133560933,-7.787282874692006,-7.880316615823078,-7.973350356954151,-8.066384098085223,-8.159417839216296,-8.252451580347369,-8.34548532147844,-8.438519062609513,-8.531552803740587,-8.62458654487166,-8.717620286002731,-8.810654027133804,-8.903687768264877,-8.996721509395949,-9.089755250527022,-9.182788991658095,-9.275822732789166,-9.36885647392024,-9.461890215051312,-9.554923956182384,-9.647957697313457,-9.74099143844453,-9.834025179575601,-9.927058920706674,-10.020092661837747,-10.113126402968819,-10.206160144099892,-10.299193885230965,-10.392227626362036,-10.48526136749311,-10.578295108624182,-10.671328849755255,-10.764362590886327,-10.8573963320174,-10.950430073148473,-11.043463814279544,-11.136497555410617,-11.22953129654169,-11.322565037672762,-11.415598778803835,-11.508632519934908,-11.60166626106598,-11.694700002197052,-11.787733743328126,-11.880767484459197,-11.97380122559027,-12.066834966721343,-12.159868707852414,-12.252902448983487,-12.34593619011456,-12.438969931245632,-12.532003672376705,-12.625037413507778,-12.718071154638851,-12.811104895769923,-12.904138636900996,-12.997172378032069,-13.09020611916314,-13.183239860294213,-13.276273601425286,-13.369307342556358,-13.46234108368743,-13.555374824818504,-13.648408565949575,-13.741442307080648
-4.724017289180565,-4.817051030311638,-4.910084771442711,-5.003118512573783,-5.096152253704856,-5.1891859948359285,-5.282219735967001,-5.375253477098074,-5.468287218229146,-5.561320959360219,-5.654354700491291,-5.7473884416223635,-5.840422182753437,-5.933455923884509,-6.026489665015581,-6.119523406146654,-6.212557147277726,-6.3055908884087994,-6.398624629539872,-6.491658370670944,-6.584692111802017,-6.677725852933089,-6.770759594064162,-6.8637933351952345,-6.956827076326307,-7.04986081745738,-7.142894558588452,-7.235928299719525,-7.328962040850597,-7.4219957819816695,-7.515029523112743,-7.608063264243815,-7.701097005374887,-7.79413074650596,-7.887164487637032,-7.980198228768105,-8.073231969899178,-8.16626571103025,-8.259299452161322,-8.352333193292395,-8.445366934423468,-8.53840067555454,-8.631434416685613,-8.724468157816686,-8.817501898947757,-8.91053564007883,-9.003569381209903,-9.096603122340975,-9.189636863472048,-9.28267060460312,-9.375704345734194,-9.468738086865265,-9.561771827996338,-9.654805569127412,-9.747839310258483,-9.840873051389556,-9.933906792520629,-10.0269405336517,-10.119974274782773,-10.213008015913847,-10.306041757044918,-10.399075498175991,-10.492109239307064,-10.585142980438135,-10.678176721569208,-10.771210462700282,-10.864244203831353,-10.957277944962426,-11.0503116860935,-11.143345427224572,-11.236379168355644,-11.329412909486717,-11.42244665061779,-11.515480391748861,-11.608514132879934,-11.701547874011007,-11.794581615142079,-11.887615356273152,-11.980649097404225,-12.073682838535296,-12.16671657966637,-12.259750320797442,-12.352784061928514,-12.445817803059587,-12.53885154419066,-12.631885285321731,-12.724919026452804,-12.817952767583877,-12.910986508714949,-13.004020249846022,-13.097053990977095,-13.190087732108168,-13.28312147323924,-13.376155214370312,-13.469188955501386,-13.562222696632457,-13.65525643776353,-13.748290178894603,-13.841323920025674,-13.934357661156747
-5.007630069593857,-5.100663810724929,-5.193697551856001,-5.286731292987074,-5.379765034118146,-5.472798775249219,-5.565832516380292,-5.658866257511364,-5.751899998642436,-5.844933739773509,-5.9379674809045815,-6.031001222035655,-6.124034963166727,-6.217068704297799,-6.310102445428872,-6.403136186559944,-6.496169927691017,-6.58920366882209,-6.682237409953163,-6.775271151084235,-6.868304892215307,-6.96133863334638,-7.0543723744774525,-7.147406115608526,-7.240439856739598,-7.33347359787067,-7.426507339001743,-7.519541080132815,-7.6125748212638875,-7.705608562394961,-7.798642303526033,-7.891676044657106,-7.984709785788178,-8.077743526919251,-8.170777268050323,-8.263811009181396,-8.356844750312469,-8.44987849144354,-8.542912232574613,-8.635945973705686,-8.72897971483676,-8.82201345596783,-8.915047197098904,-9.008080938229977,-9.101114679361048,-9.194148420492121,-9.287182161623194,-9.380215902754266,-9.473249643885339,-9.566283385016412,-9.659317126147483,-9.752350867278556,-9.84538460840963,-9.938418349540703,-10.031452090671774,-10.124485831802847,-10.21751957293392,-10.310553314064991,-10.403587055196065,-10.496620796327138,-10.589654537458209,-10.682688278589282,-10.775722019720355,-10.868755760851426,-10.9617895019825,-11.054823243113573,-11.147856984244644,-11.240890725375717,-11.33392446650679,-11.426958207637863,-11.519991948768935,-11.613025689900008,-11.70605943103108,-11.799093172162152,-11.892126913293225,-11.985160654424298,-12.07819439555537,-12.171228136686443,-12.264261877817516,-12.357295618948587,-12.45032936007966,-12.543363101210733,-12.636396842341805,-12.729430583472878,-12.822464324603951,-12.915498065735024,-13.008531806866095,-13.101565547997168,-13.194599289128242,-13.287633030259313,-13.380666771390386,-13.473700512521459,-13.56673425365253,-13.659767994783603,-13.752801735914677,-13.845835477045748,-13.938869218176821,-14.031902959307894,-14.124936700438965,-14.217970441570039
-5.087207748337452,-5.180241489468525,-5.273275230599598,-5.36630897173067,-5.459342712861742,-5.5523764539928155,-5.645410195123888,-5.73844393625496,-5.831477677386033,-5.924511418517105,-6.0175451596481775,-6.110578900779251,-6.203612641910323,-6.296646383041395,-6.389680124172468,-6.48271386530354,-6.575747606434613,-6.668781347565686,-6.761815088696758,-6.854848829827831,-6.947882570958903,-7.040916312089976,-7.1339500532210485,-7.226983794352121,-7.320017535483194,-7.413051276614266,-7.506085017745338,-7.599118758876411,-7.6921525000074835,-7.785186241138556,-7.878219982269629,-7.971253723400701,-8.064287464531773,-8.157321205662846,-8.25035494679392,-8.34338868792499,-8.436422429056064,-8.529456170187137,-8.622489911318208,-8.715523652449281,-8.8085573935803545,-8.901591134711426,-8.994624875842499,-9.087658616973572,-9.180692358104645,-9.273726099235716,-9.36675984036679,-9.459793581497863,-9.552827322628934,-9.645861063760007,-9.73889480489108,-9.831928546022151,-9.924962287153225,-10.017996028284298,-10.111029769415369,-10.204063510546442,-10.297097251677515,-10.390130992808587,-10.48316473393966,-10.576198475070733,-10.669232216201806,-10.762265957332877,-10.85529969846395,-10.948333439595023,-11.041367180726095,-11.134400921857168,-11.227434662988241,-11.320468404119312,-11.413502145250385,-11.506535886381458,-11.59956962751253,-11.692603368643603,-11.785637109774676,-11.878670850905747,-11.97170459203682,-12.064738333167893,-12.157772074298967,-12.250805815430038,-12.343839556561111,-12.436873297692184,-12.529907038823255,-12.622940779954329,-12.715974521085402,-12.809008262216473,-12.902042003347546,-12.99507574447862,-13.08810948560969,-13.181143226740764,-13.274176967871837,-13.36721070900291,-13.460244450133981,-13.553278191265054,-13.646311932396127,-13.739345673527199,-13.832379414658272,-13.925413155789345,-14.018446896920416,-14.11148063805149,-14.204514379182562,-14.297548120313634
-4.666723603560366,-4.759757344691439,-4.8527910858225125,-4.945824826953585,-5.038858568084658,-5.13189230921573,-5.224926050346802,-5.317959791477875,-5.4109935326089476,-5.504027273740021,-5.597061014871093,-5.690094756002165,-5.783128497133238,-5.87616223826431,-5.969195979395383,-6.062229720526456,-6.155263461657528,-6.248297202788601,-6.341330943919673,-6.434364685050745,-6.5273984261818185,-6.620432167312891,-6.713465908443963,-6.806499649575036,-6.899533390706108,-6.9925671318371805,-7.085600872968254,-7.178634614099326,-7.271668355230399,-7.364702096361471,-7.457735837492544,-7.550769578623616,-7.643803319754689,-7.736837060885762,-7.829870802016834,-7.922904543147906,-8.01593828427898,-8.108972025410052,-8.202005766541124,-8.295039507672197,-8.38807324880327,-8.481106989934341,-8.574140731065414,-8.667174472196487,-8.760208213327559,-8.853241954458632,-8.946275695589705,-9.039309436720778,-9.13234317785185,-9.225376918982922,-9.318410660113996,-9.411444401245067,-9.50447814237614,-9.597511883507213,-9.690545624638284,-9.783579365769357,-9.87661310690043,-9.969646848031504,-10.062680589162575,-10.155714330293648,-10.24874807142472,-10.341781812555793,-10.434815553686866,-10.527849294817937,-10.62088303594901,-10.713916777080083,-10.806950518211156,-10.899984259342228,-10.9930180004733,-11.086051741604374,-11.179085482735445,-11.272119223866518,-11.365152964997591,-11.458186706128663,-11.551220447259736,-11.644254188390809,-11.73728792952188,-11.830321670652953,-11.923355411784026,-12.016389152915098,-12.10942289404617,-12.202456635177244,-12.295490376308315,-12.388524117439388,-12.481557858570461,-12.574591599701533,-12.667625340832606,-12.760659081963679,-12.853692823094752,-12.946726564225823,-13.039760305356896,-13.13279404648797,-13.22582778761904,-13.318861528750114,-13.411895269881187,-13.504929011012258,-13.597962752143331,-13.690996493274405,-13.784030234405476,-13.877063975536549
-5.005222593978156,-5.098256335109229,-5.1912900762403025,-5.284323817371375,-5.377357558502447,-5.47039129963352,-5.563425040764592,-5.656458781895665,-5.7494925230267375,-5.84252626415781,-5.935560005288883,-6.028593746419955,-6.121627487551028,-6.2146612286821,-6.307694969813173,-6.400728710944246,-6.493762452075318,-6.58679619320639,-6.679829934337463,-6.772863675468535,-6.865897416599608,-6.958931157730681,-7.051964898861753,-7.144998639992826,-7.238032381123898,-7.3310661222549705,-7.4240998633860436,-7.517133604517116,-7.610167345648188,-7.703201086779261,-7.796234827910333,-7.889268569041406,-7.982302310172479,-8.075336051303552,-8.168369792434623,-8.261403533565696,-8.35443727469677,-8.44747101582784,-8.540504756958914,-8.633538498089987,-8.72657223922106,-8.819605980352131,-8.912639721483204,-9.005673462614277,-9.098707203745349,-9.191740944876422,-9.284774686007495,-9.377808427138566,-9.47084216826964,-9.563875909400712,-9.656909650531784,-9.749943391662857,-9.84297713279393,-9.936010873925001,-10.029044615056074,-10.122078356187147,-10.215112097318219,-10.308145838449292,-10.401179579580365,-10.494213320711436,-10.58724706184251,-10.680280802973583,-10.773314544104654,-10.866348285235727,-10.9593820263668,-11.052415767497873,-11.145449508628944,-11.238483249760018,-11.33151699089109,-11.424550732022162,-11.517584473153235,-11.610618214284308,-11.70365195541538,-11.796685696546453,-11.889719437677526,-11.982753178808597,-12.07578691993967,-12.168820661070743,-12.261854402201815,-12.354888143332888,-12.44792188446396,-12.540955625595032,-12.633989366726105,-12.727023107857178,-12.82005684898825,-12.913090590119323,-13.006124331250396,-13.099158072381467,-13.19219181351254,-13.285225554643613,-13.378259295774685,-13.471293036905758,-13.56432677803683,-13.657360519167904,-13.750394260298975,-13.843428001430048,-13.936461742561121,-14.029495483692193,-14.122529224823266,-14.215562965954339
-4.72249190188921,-4.815525643020282,-4.908559384151355,-5.001593125282427,-5.0946268664135,-5.187660607544572,-5.280694348675644,-5.3737280898067175,-5.46676183093779,-5.559795572068862,-5.652829313199935,-5.745863054331007,-5.838896795462079,-5.9319305365931525,-6.024964277724225,-6.117998018855298,-6.21103175998637,-6.304065501117442,-6.397099242248515,-6.4901329833795876,-6.58316672451066,-6.676200465641733,-6.769234206772805,-6.862267947903878,-6.95530168903495,-7.048335430166023,-7.141369171297096,-7.234402912428168,-7.327436653559241,-7.420470394690313,-7.513504135821385,-7.6065378769524585,-7.699571618083531,-7.792605359214603,-7.885639100345676,-7.978672841476748,-8.07170658260782,-8.164740323738894,-8.257774064869967,-8.350807806001038,-8.443841547132111,-8.536875288263184,-8.629909029394256,-8.722942770525329,-8.815976511656402,-8.909010252787473,-9.002043993918546,-9.09507773504962,-9.188111476180692,-9.281145217311764,-9.374178958442837,-9.46721269957391,-9.560246440704981,-9.653280181836054,-9.746313922967127,-9.839347664098199,-9.932381405229272,-10.025415146360345,-10.118448887491416,-10.21148262862249,-10.304516369753562,-10.397550110884634,-10.490583852015707,-10.58361759314678,-10.676651334277853,-10.769685075408924,-10.862718816539997,-10.95575255767107,-11.048786298802142,-11.141820039933215,-11.234853781064288,-11.32788752219536,-11.420921263326433,-11.513955004457506,-11.606988745588577,-11.70002248671965,-11.793056227850723,-11.886089968981794,-11.979123710112868,-12.07215745124394,-12.165191192375014,-12.258224933506085,-12.351258674637158,-12.444292415768231,-12.537326156899303,-12.630359898030376,-12.723393639161449,-12.81642738029252,-12.909461121423593,-13.002494862554666,-13.095528603685738,-13.18856234481681,-13.281596085947884,-13.374629827078955,-13.467663568210028,-13.560697309341101,-13.653731050472175,-13.746764791603246,-13.839798532734319,-13.932832273865392
-4.965832176570898,-5.05886591770197,-5.151899658833043,-5.244933399964116,-5.337967141095188,-5.43100088222626,-5.524034623357333,-5.617068364488405,-5.7101021056194785,-5.803135846750551,-5.896169587881623,-5.989203329012696,-6.082237070143768,-6.1752708112748405,-6.2683045524059136,-6.361338293536986,-6.454372034668059,-6.547405775799131,-6.640439516930203,-6.733473258061276,-6.826506999192349,-6.919540740323422,-7.012574481454494,-7.105608222585566,-7.198641963716639,-7.291675704847711,-7.384709445978784,-7.477743187109857,-7.570776928240929,-7.663810669372002,-7.756844410503074,-7.8498781516341465,-7.94291189276522,-8.035945633896292,-8.128979375027365,-8.222013116158436,-8.31504685728951,-8.408080598420582,-8.501114339551654,-8.594148080682727,-8.6871818218138,-8.780215562944871,-8.873249304075944,-8.966283045207017,-9.059316786338089,-9.152350527469162,-9.245384268600235,-9.338418009731306,-9.43145175086238,-9.524485491993453,-9.617519233124524,-9.710552974255597,-9.80358671538667,-9.896620456517743,-9.989654197648814,-10.082687938779888,-10.17572167991096,-10.268755421042032,-10.361789162173105,-10.454822903304178,-10.54785664443525,-10.640890385566323,-10.733924126697396,-10.826957867828469,-10.91999160895954,-11.013025350090613,-11.106059091221686,-11.199092832352758,-11.29212657348383,-11.385160314614904,-11.478194055745975,-11.571227796877048,-11.664261538008121,-11.757295279139193,-11.850329020270266,-11.943362761401339,-12.03639650253241,-12.129430243663483,-12.222463984794556,-12.315497725925628,-12.4085314670567,-12.501565208187774,-12.594598949318845,-12.687632690449918,-12.780666431580991,-12.873700172712065,-12.966733913843136,-13.059767654974209,-13.152801396105282,-13.245835137236353,-13.338868878367427,-13.4319026194985,-13.524936360629571,-13.617970101760644,-13.711003842891717,-13.804037584022788,-13.897071325153862,-13.990105066284935,-14.083138807416006,-14.176172548547079
-4.72521591970018,-4.818249660831253,-4.911283401962325,-5.004317143093397,-5.09735088422447,-5.190384625355542,-5.2834183664866154,-5.376452107617688,-5.46948584874876,-5.562519589879833,-5.655553331010905,-5.748587072141977,-5.8416208132730505,-5.934654554404123,-6.027688295535196,-6.120722036666268,-6.21375577779734,-6.306789518928413,-6.3998232600594855,-6.492857001190558,-6.585890742321631,-6.678924483452703,-6.771958224583776,-6.864991965714848,-6.958025706845921,-7.051059447976994,-7.144093189108066,-7.237126930239138,-7.330160671370211,-7.423194412501283,-7.516228153632356,-7.609261894763429,-7.702295635894501,-7.795329377025573,-7.888363118156646,-7.9813968592877185,-8.074430600418792,-8.167464341549863,-8.260498082680936,-8.353531823812009,-8.44656556494308,-8.539599306074154,-8.632633047205227,-8.725666788336298,-8.818700529467371,-8.911734270598444,-9.004768011729517,-9.097801752860589,-9.190835493991662,-9.283869235122733,-9.376902976253806,-9.46993671738488,-9.56297045851595,-9.656004199647024,-9.749037940778097,-9.84207168190917,-9.935105423040241,-10.028139164171314,-10.121172905302387,-10.214206646433459,-10.307240387564532,-10.400274128695605,-10.493307869826676,-10.58634161095775,-10.679375352088822,-10.772409093219895,-10.865442834350967,-10.95847657548204,-11.051510316613113,-11.144544057744184,-11.237577798875257,-11.33061154000633,-11.423645281137402,-11.516679022268475,-11.609712763399548,-11.70274650453062,-11.795780245661692,-11.888813986792766,-11.981847727923837,-12.07488146905491,-12.167915210185983,-12.260948951317056,-12.353982692448128,-12.4470164335792,-12.540050174710274,-12.633083915841345,-12.726117656972418,-12.819151398103491,-12.912185139234563,-13.005218880365636,-13.098252621496709,-13.19128636262778,-13.284320103758853,-13.377353844889926,-13.470387586020998,-13.56342132715207,-13.656455068283144,-13.749488809414215,-13.842522550545288,-13.935556291676361
-4.699398553413049,-4.792432294544122,-4.885466035675195,-4.9784997768062675,-5.07153351793734,-5.164567259068413,-5.257601000199485,-5.350634741330558,-5.44366848246163,-5.536702223592703,-5.629735964723776,-5.722769705854848,-5.815803446985921,-5.908837188116993,-6.001870929248065,-6.0949046703791385,-6.187938411510211,-6.280972152641283,-6.374005893772356,-6.467039634903428,-6.5600733760345005,-6.653107117165574,-6.746140858296646,-6.839174599427719,-6.932208340558791,-7.025242081689863,-7.118275822820936,-7.211309563952009,-7.304343305083082,-7.397377046214154,-7.490410787345226,-7.583444528476299,-7.6764782696073715,-7.769512010738444,-7.862545751869517,-7.955579493000589,-8.048613234131661,-8.141646975262734,-8.234680716393806,-8.327714457524879,-8.420748198655952,-8.513781939787025,-8.606815680918096,-8.69984942204917,-8.792883163180242,-8.885916904311314,-8.978950645442387,-9.07198438657346,-9.165018127704531,-9.258051868835604,-9.351085609966677,-9.444119351097749,-9.537153092228822,-9.630186833359895,-9.723220574490966,-9.81625431562204,-9.909288056753113,-10.002321797884184,-10.095355539015257,-10.18838928014633,-10.281423021277401,-10.374456762408474,-10.467490503539548,-10.56052424467062,-10.653557985801692,-10.746591726932765,-10.839625468063838,-10.93265920919491,-11.025692950325983,-11.118726691457056,-11.211760432588127,-11.3047941737192,-11.397827914850273,-11.490861655981345,-11.583895397112418,-11.67692913824349,-11.769962879374562,-11.862996620505635,-11.956030361636708,-12.049064102767781,-12.142097843898853,-12.235131585029926,-12.328165326160999,-12.42119906729207,-12.514232808423143,-12.607266549554216,-12.700300290685288,-12.79333403181636,-12.886367772947434,-12.979401514078505,-13.072435255209578,-13.165468996340651,-13.258502737471725,-13.351536478602796,-13.444570219733869,-13.537603960864942,-13.630637701996013,-13.723671443127087,-13.81670518425816,-13.909738925389231
