12,11,11,5,2,1,1,0,0,0,0,0,0,0,0,0,0,0,0,0,0,0,0,0,0,0,0,0,0,0,0,0,0,0,0,0,0,0,0,0,0,0,0,0,0,0,0,0,0,0,0,0,0,0,0,0,0,0,0,0,0,0,0,0,0,0,0,0,0,0,0,0,0,0,0,0,0,0,0,0,0,0,0,0,0,0,0,0,0,0,0,0,0,0,0,0,0,0,0,0,0,0,0,0,0,0,0,0,0,0,0,0,0,0,0,0,0,0,0,0,0,0,0,0,0,0,0,0,1,3,5,8,12,22,32,50,71,92,106,123,143,170,198,232,259,300,341,367,391,427,459,478,511,558,571,608,618,649,657,692,700,732,739,745,756,760,772,792,805,815,821,826,834,845,852,860,866,873,879,887,893,898,903,906,908,912,918,922,928,931,933,937,938,940,942,944,945,946,948,950
12,11,6,1,1,1,1,0,0,0,0,0,0,0,0,0,0,0,0,0,0,0,0,0,0,0,0,0,0,0,0,0,0,0,0,0,0,0,0,0,0,0,0,0,0,0,0,0,0,0,0,0,0,0,0,0,0,0,0,0,0,0,0,0,0,0,0,0,0,0,0,0,0,0,0,0,0,0,0,0,0,0,0,0,0,0,0,0,0,0,0,0,0,0,0,0,0,0,0,0,0,0,0,0,0,0,0,0,0,0,0,0,0,0,0,0,0,0,0,0,0,0,0,0,0,0,0,0,2,5,6,11,16,26,37,56,74,102,133,166,192,226,263,293,323,352,376,400,435,462,484,514,531,585,600,640,646,670,680,708,714,744,758,768,780,791,802,811,819,831,838,846,854,864,869,875,877,883,888,892,897,903,906,910,918,923,926,928,930,933,934,937,939,939,940,942,944,945,946,948
12,11,9,2,1,1,0,0,0,0,0,0,0,0,0,0,0,0,0,0,0,0,0,0,0,0,0,0,0,0,0,0,0,0,0,0,0,0,0,0,0,0,0,0,0,0,0,0,0,0,0,0,0,0,0,0,0,0,0,0,0,0,0,0,0,0,0,0,0,0,0,0,0,0,0,0,0,0,0,0,0,0,0,0,0,0,0,0,0,0,0,0,0,0,0,0,0,0,0,0,0,0,0,0,0,0,0,0,0,0,0,0,0,0,0,0,0,0,0,0,0,0,0,0,0,0,0,0,2,2,3,9,18,30,43,61,73,92,119,143,176,201,229,257,296,315,350,386,414,445,481,497,522,568,580,619,625,650,662,690,702,734,755,765,771,783,786,796,807,815,826,833,839,846,855,859,868,871,877,885,889,894,898,902,906,912,915,920,920,923,925,931,933,934,935,936,938,940,943,943
12,11,11,10,3,1,1,1,0,0,0,0,0,0,0,0,0,0,0,0,0,0,0,0,0,0,0,0,0,0,0,0,0,0,0,0,0,0,0,0,0,0,0,0,0,0,0,0,0,0,0,0,0,0,0,0,0,0,0,0,0,0,0,0,0,0,0,0,0,0,0,0,0,0,0,0,0,0,0,0,0,0,0,0,0,0,0,0,0,0,0,0,0,0,0,0,0,0,0,0,0,0,0,0,0,0,0,0,0,0,0,0,0,0,0,0,0,0,0,0,0,0,0,0,0,0,0,0,0,0,2,2,5,12,24,37,57,80,102,118,143,164,188,217,250,290,314,339,372,406,433,466,490,515,558,575,610,623,656,668,704,713,747,752,764,772,788,795,811,823,831,835,842,850,861,871,874,881,887,893,901,909,914,915,919,922,925,928,932,932,934,940,941,945,946,947,948,950,952,952
12,11,11,9,4,2,1,0,0,0,0,0,0,0,0,0,0,0,0,0,0,0,0,0,0,0,0,0,0,0,0,0,0,0,0,0,0,0,0,0,0,0,0,0,0,0,0,0,0,0,0,0,0,0,0,0,0,0,0,0,0,0,0,0,0,0,0,0,0,0,0,0,0,0,0,0,0,0,0,0,0,0,0,0,0,0,0,0,0,0,0,0,0,0,0,0,0,0,0,0,0,0,0,0,0,0,0,0,0,0,0,0,0,0,0,0,0,0,0,0,0,0,0,0,0,0,0,0,1,1,6,10,12,18,21,38,58,79,103,123,146,171,191,222,249,277,311,346,373,405,434,462,480,542,559,590,601,636,643,680,688,722,731,755,759,769,779,793,800,815,824,832,841,846,850,855,866,871,877,884,887,897,901,906,910,913,919,923,927,930,932,936,942,944,944,945,950,951,952,952
12,11,10,5,2,1,1,1,0,0,0,0,0,0,0,0,0,0,0,0,0,0,0,0,0,0,0,0,0,0,0,0,0,0,0,0,0,0,0,0,0,0,0,0,0,0,0,0,0,0,0,0,0,0,0,0,0,0,0,0,0,0,0,0,0,0,0,0,0,0,0,0,0,0,0,0,0,0,0,0,0,0,0,0,0,0,0,0,0,0,0,0,0,0,0,0,0,0,0,0,0,0,0,0,0,0,0,0,0,0,0,0,0,0,0,0,0,0,0,0,0,0,0,0,0,0,0,0,0,2,3,9,17,26,31,46,69,85,105,124,150,183,216,245,284,314,348,377,407,433,454,492,510,533,566,587,605,639,655,694,701,721,725,743,752,765,782,793,800,811,820,832,839,848,855,861,871,876,883,887,896,899,905,909,916,918,920,922,928,933,936,939,940,941,944,945,947,948,949,950
12,11,9,2,1,1,1,0,0,0,0,0,0,0,0,0,0,0,0,0,0,0,0,0,0,0,0,0,0,0,0,0,0,0,0,0,0,0,0,0,0,0,0,0,0,0,0,0,0,0,0,0,0,0,0,0,0,0,0,0,0,0,0,0,0,0,0,0,0,0,0,0,0,0,0,0,0,0,0,0,0,0,0,0,0,0,0,0,0,0,0,0,0,0,0,0,0,0,0,0,0,0,0,0,0,0,0,0,0,0,0,0,0,0,0,0,0,0,0,0,0,0,0,0,0,0,0,2,2,3,6,13,18,31,45,56,76,94,123,149,169,196,220,250,287,311,350,379,403,428,461,493,541,551,586,598,626,645,670,678,716,723,744,750,759,774,783,794,802,809,819,830,840,848,854,863,870,876,883,889,894,897,901,907,911,914,914,916,922,926,927,928,928,934,937,939,941,941,945,948
12,11,11,3,1,1,1,1,0,0,0,0,0,0,0,0,0,0,0,0,0,0,0,0,0,0,0,0,0,0,0,0,0,0,0,0,0,0,0,0,0,0,0,0,0,0,0,0,0,0,0,0,0,0,0,0,0,0,0,0,0,0,0,0,0,0,0,0,0,0,0,0,0,0,0,0,0,0,0,0,0,0,0,0,0,0,0,0,0,0,0,0,0,0,0,0,0,0,0,0,0,0,0,0,0,0,0,0,0,0,0,0,0,0,0,0,0,0,0,0,0,0,0,0,0,0,0,0,1,1,4,6,10,18,32,45,62,82,100,132,152,181,212,247,275,300,343,371,401,433,463,491,527,541,584,601,627,640,672,683,706,736,750,758,767,772,779,793,804,816,824,833,839,848,855,867,874,877,882,885,893,897,902,906,916,918,921,924,926,928,930,933,933,940,941,945,948,948,950,950
12,11,6,2,1,1,1,0,0,0,0,0,0,0,0,0,0,0,0,0,0,0,0,0,0,0,0,0,0,0,0,0,0,0,0,0,0,0,0,0,0,0,0,0,0,0,0,0,0,0,0,0,0,0,0,0,0,0,0,0,0,0,0,0,0,0,0,0,0,0,0,0,0,0,0,0,0,0,0,0,0,0,0,0,0,0,0,0,0,0,0,0,0,0,0,0,0,0,0,0,0,0,0,0,0,0,0,0,0,0,0,0,0,0,0,0,0,0,0,0,0,0,0,0,0,0,0,1,1,2,5,9,15,23,35,54,75,100,120,138,167,201,218,243,276,304,339,372,412,447,479,522,532,551,597,610,636,643,676,683,716,731,743,751,760,778,787,797,808,815,830,845,854,862,870,877,882,887,890,895,900,908,911,915,915,918,922,924,926,927,932,933,934,934,937,945,946,947,949,950
12,11,10,6,1,1,1,0,0,0,0,0,0,0,0,0,0,0,0,0,0,0,0,0,0,0,0,0,0,0,0,0,0,0,0,0,0,0,0,0,0,0,0,0,0,0,0,0,0,0,0,0,0,0,0,0,0,0,0,0,0,0,0,0,0,0,0,0,0,0,0,0,0,0,0,0,0,0,0,0,0,0,0,0,0,0,0,0,0,0,0,0,0,0,0,0,0,0,0,0,0,0,0,0,0,0,0,0,0,0,0,0,0,0,0,0,0,0,0,0,0,0,0,0,0,0,0,0,0,0,3,5,16,24,35,45,67,84,99,131,159,177,210,240,278,307,345,371,400,432,453,481,507,533,577,590,626,638,668,678,706,710,745,752,763,771,778,789,800,810,821,830,839,845,852,859,866,870,880,890,896,901,906,910,910,914,917,919,926,929,931,932,933,938,939,943,944,944,945,945
12,11,11,10,3,1,1,0,0,0,0,0,0,0,0,0,0,0,0,0,0,0,0,0,0,0,0,0,0,0,0,0,0,0,0,0,0,0,0,0,0,0,0,0,0,0,0,0,0,0,0,0,0,0,0,0,0,0,0,0,0,0,0,0,0,0,0,0,0,0,0,0,0,0,0,0,0,0,0,0,0,0,0,0,0,0,0,0,0,0,0,0,0,0,0,0,0,0,0,0,0,0,0,0,0,0,0,0,0,0,0,0,0,0,0,0,0,0,0,0,0,0,0,0,0,0,0,0,0,0,1,1,8,15,24,35,46,63,81,104,123,148,175,214,257,294,316,345,377,403,430,463,484,532,548,563,591,607,634,651,684,690,723,744,749,760,774,787,797,808,817,830,834,844,849,859,864,875,883,891,895,899,901,911,915,918,920,928,929,933,936,938,941,943,947,948,953,954,956,957
12,11,10,8,3,1,1,1,0,0,0,0,0,0,0,0,0,0,0,0,0,0,0,0,0,0,0,0,0,0,0,0,0,0,0,0,0,0,0,0,0,0,0,0,0,0,0,0,0,0,0,0,0,0,0,0,0,0,0,0,0,0,0,0,0,0,0,0,0,0,0,0,0,0,0,0,0,0,0,0,0,0,0,0,0,0,0,0,0,0,0,0,0,0,0,0,0,0,0,0,0,0,0,0,0,0,0,0,0,0,0,0,0,0,0,0,0,0,0,0,0,0,0,0,0,0,0,0,0,0,1,5,9,22,30,49,66,84,108,135,158,183,209,243,274,292,325,353,380,408,434,467,494,522,565,582,619,635,678,691,723,737,763,765,776,783,793,802,810,815,822,830,838,848,855,856,864,867,874,888,893,899,905,910,911,915,920,921,922,924,926,929,931,933,938,939,940,944,946,947
12,11,11,9,4,1,1,0,0,0,0,0,0,0,0,0,0,0,0,0,0,0,0,0,0,0,0,0,0,0,0,0,0,0,0,0,0,0,0,0,0,0,0,0,0,0,0,0,0,0,0,0,0,0,0,0,0,0,0,0,0,0,0,0,0,0,0,0,0,0,0,0,0,0,0,0,0,0,0,0,0,0,0,0,0,0,0,0,0,0,0,0,0,0,0,0,0,0,0,0,0,0,0,0,0,0,0,0,0,0,0,0,0,0,0,0,0,0,0,0,0,0,0,0,0,0,0,0,1,1,2,4,9,17,30,47,64,79,102,123,146,171,203,234,259,292,318,348,381,412,440,475,501,552,569,597,607,646,655,690,698,725,730,738,744,757,776,784,794,803,814,820,834,849,857,864,874,877,886,892,897,903,909,911,913,918,920,926,926,927,931,933,935,935,936,940,942,942,943,945
12,11,11,7,2,1,1,0,0,0,0,0,0,0,0,0,0,0,0,0,0,0,0,0,0,0,0,0,0,0,0,0,0,0,0,0,0,0,0,0,0,0,0,0,0,0,0,0,0,0,0,0,0,0,0,0,0,0,0,0,0,0,0,0,0,0,0,0,0,0,0,0,0,0,0,0,0,0,0,0,0,0,0,0,0,0,0,0,0,0,0,0,0,0,0,0,0,0,0,0,0,0,0,0,0,0,0,0,0,0,0,0,0,0,0,0,0,0,0,0,0,0,0,0,0,0,0,0,0,0,0,3,7,12,19,31,45,63,97,124,148,172,200,219,255,292,320,341,371,408,440,472,499,546,557,592,606,614,646,657,691,699,725,735,741,753,765,777,793,799,809,824,833,839,847,852,861,867,868,872,874,881,885,892,895,899,904,910,918,918,920,925,926,928,928,931,932,936,937,942
12,11,11,3,1,1,1,0,0,0,0,0,0,0,0,0,0,0,0,0,0,0,0,0,0,0,0,0,0,0,0,0,0,0,0,0,0,0,0,0,0,0,0,0,0,0,0,0,0,0,0,0,0,0,0,0,0,0,0,0,0,0,0,0,0,0,0,0,0,0,0,0,0,0,0,0,0,0,0,0,0,0,0,0,0,0,0,0,0,0,0,0,0,0,0,0,0,0,0,0,0,0,0,0,0,0,0,0,0,0,0,0,0,0,0,0,0,0,0,0,0,0,0,0,0,0,0,0,0,2,4,8,17,25,37,53,78,106,125,140,159,183,217,255,284,322,366,396,421,449,468,501,549,560,601,616,636,679,686,713,722,744,750,759,769,774,787,803,808,823,835,842,854,860,864,873,881,887,889,896,899,905,907,910,914,917,920,926,931,933,936,940,942,943,944,946,947,947,948,950
12,11,10,6,1,1,0,0,0,0,0,0,0,0,0,0,0,0,0,0,0,0,0,0,0,0,0,0,0,0,0,0,0,0,0,0,0,0,0,0,0,0,0,0,0,0,0,0,0,0,0,0,0,0,0,0,0,0,0,0,0,0,0,0,0,0,0,0,0,0,0,0,0,0,0,0,0,0,0,0,0,0,0,0,0,0,0,0,0,0,0,0,0,0,0,0,0,0,0,0,0,0,0,0,0,0,0,0,0,0,0,0,0,0,0,0,0,0,0,0,0,0,0,0,0,0,0,0,0,0,2,8,16,25,38,51,70,86,110,132,159,184,214,253,281,310,344,369,395,433,457,482,536,554,572,615,626,660,666,693,704,727,742,750,756,767,778,791,805,817,825,835,843,852,859,868,875,878,886,892,898,903,906,911,916,918,923,925,931,933,936,939,940,943,943,944,947,947,949,951
12,11,11,6,1,1,0,0,0,0,0,0,0,0,0,0,0,0,0,0,0,0,0,0,0,0,0,0,0,0,0,0,0,0,0,0,0,0,0,0,0,0,0,0,0,0,0,0,0,0,0,0,0,0,0,0,0,0,0,0,0,0,0,0,0,0,0,0,0,0,0,0,0,0,0,0,0,0,0,0,0,0,0,0,0,0,0,0,0,0,0,0,0,0,0,0,0,0,0,0,0,0,0,0,0,0,0,0,0,0,0,0,0,0,0,0,0,0,0,0,0,0,0,0,0,0,0,1,2,2,4,7,14,25,34,49,63,84,112,133,156,181,216,251,273,317,352,383,425,454,483,501,546,559,591,605,635,648,686,706,711,735,739,750,762,777,789,802,813,817,828,837,846,852,861,869,880,884,892,896,898,907,915,919,923,927,929,930,933,936,941,942,945,945,946,949,952,953,955,957
12,11,11,3,1,1,1,0,0,0,0,0,0,0,0,0,0,0,0,0,0,0,0,0,0,0,0,0,0,0,0,0,0,0,0,0,0,0,0,0,0,0,0,0,0,0,0,0,0,0,0,0,0,0,0,0,0,0,0,0,0,0,0,0,0,0,0,0,0,0,0,0,0,0,0,0,0,0,0,0,0,0,0,0,0,0,0,0,0,0,0,0,0,0,0,0,0,0,0,0,0,0,0,0,0,0,0,0,0,0,0,0,0,0,0,0,0,0,0,0,0,0,0,0,0,0,0,0,1,1,3,6,11,18,29,42,56,77,114,141,172,191,221,249,280,307,335,374,404,441,468,491,507,542,565,590,601,642,653,685,696,728,736,749,753,764,773,787,797,810,818,827,836,843,847,857,877,881,887,892,898,904,910,913,919,921,928,932,935,936,942,943,947,950,952,954,955,956,956,956
12,11,11,8,2,1,1,1,1,0,0,0,0,0,0,0,0,0,0,0,0,0,0,0,0,0,0,0,0,0,0,0,0,0,0,0,0,0,0,0,0,0,0,0,0,0,0,0,0,0,0,0,0,0,0,0,0,0,0,0,0,0,0,0,0,0,0,0,0,0,0,0,0,0,0,0,0,0,0,0,0,0,0,0,0,0,0,0,0,0,0,0,0,0,0,0,0,0,0,0,0,0,0,0,0,0,0,0,0,0,0,0,0,0,0,0,0,0,0,0,0,0,0,0,0,0,0,1,1,2,3,10,14,20,28,45,61,71,95,113,136,153,190,222,253,288,314,348,385,414,448,475,505,549,561,603,611,643,651,694,703,727,734,751,761,772,779,790,802,819,828,839,844,850,857,863,873,877,879,886,888,892,896,901,903,908,914,916,916,923,924,929,934,936,937,939,940,941,942,943
12,11,11,3,1,0,0,0,0,0,0,0,0,0,0,0,0,0,0,0,0,0,0,0,0,0,0,0,0,0,0,0,0,0,0,0,0,0,0,0,0,0,0,0,0,0,0,0,0,0,0,0,0,0,0,0,0,0,0,0,0,0,0,0,0,0,0,0,0,0,0,0,0,0,0,0,0,0,0,0,0,0,0,0,0,0,0,0,0,0,0,0,0,0,0,0,0,0,0,0,0,0,0,0,0,0,0,0,0,0,0,0,0,0,0,0,0,0,0,0,0,0,0,0,0,0,0,0,0,4,5,7,12,20,33,45,60,83,104,126,151,178,212,244,267,304,331,361,386,411,443,476,503,553,567,607,614,653,661,687,708,732,739,753,762,775,782,793,810,820,826,838,844,853,862,866,870,878,881,884,888,897,901,905,911,918,920,924,927,930,932,936,939,941,944,944,944,946,949,951
12,11,10,2,1,1,1,0,0,0,0,0,0,0,0,0,0,0,0,0,0,0,0,0,0,0,0,0,0,0,0,0,0,0,0,0,0,0,0,0,0,0,0,0,0,0,0,0,0,0,0,0,0,0,0,0,0,0,0,0,0,0,0,0,0,0,0,0,0,0,0,0,0,0,0,0,0,0,0,0,0,0,0,0,0,0,0,0,0,0,0,0,0,0,0,0,0,0,0,0,0,0,0,0,0,0,0,0,0,0,0,0,0,0,0,0,0,0,0,0,0,0,0,0,0,0,0,0,1,2,3,7,11,22,28,46,65,87,106,134,168,198,228,260,287,313,337,379,405,438,458,484,534,542,587,598,642,656,684,690,716,724,750,759,770,787,795,803,816,826,839,847,858,868,880,882,885,893,898,905,914,915,917,925,928,929,933,936,939,940,942,942,943,944,949,950,951,952,952,953
12,10,6,1,1,1,1,1,0,0,0,0,0,0,0,0,0,0,0,0,0,0,0,0,0,0,0,0,0,0,0,0,0,0,0,0,0,0,0,0,0,0,0,0,0,0,0,0,0,0,0,0,0,0,0,0,0,0,0,0,0,0,0,0,0,0,0,0,0,0,0,0,0,0,0,0,0,0,0,0,0,0,0,0,0,0,0,0,0,0,0,0,0,0,0,0,0,0,0,0,0,0,0,0,0,0,0,0,0,0,0,0,0,0,0,0,0,0,0,0,0,0,0,0,0,0,0,0,0,2,6,8,9,16,34,56,75,96,116,141,159,196,228,254,293,323,352,389,411,433,468,492,509,557,580,628,637,664,676,705,707,727,736,741,756,769,778,786,799,811,821,832,839,847,858,867,871,880,886,891,895,902,905,909,917,922,926,928,930,932,933,934,936,938,942,945,947,949,951,953
12,11,11,5,1,1,1,0,0,0,0,0,0,0,0,0,0,0,0,0,0,0,0,0,0,0,0,0,0,0,0,0,0,0,0,0,0,0,0,0,0,0,0,0,0,0,0,0,0,0,0,0,0,0,0,0,0,0,0,0,0,0,0,0,0,0,0,0,0,0,0,0,0,0,0,0,0,0,0,0,0,0,0,0,0,0,0,0,0,0,0,0,0,0,0,0,0,0,0,0,0,0,0,0,0,0,0,0,0,0,0,0,0,0,0,0,0,0,0,0,0,0,0,0,0,0,0,1,2,2,4,10,16,23,33,51,68,89,115,132,160,188,219,249,280,308,336,370,391,413,441,475,501,542,562,597,605,637,652,673,684,710,728,743,757,765,773,781,792,800,810,817,821,828,835,842,857,863,871,877,882,888,896,899,905,910,914,918,920,925,928,931,936,937,939,940,941,946,947,948
12,11,10,2,1,0,0,0,0,0,0,0,0,0,0,0,0,0,0,0,0,0,0,0,0,0,0,0,0,0,0,0,0,0,0,0,0,0,0,0,0,0,0,0,0,0,0,0,0,0,0,0,0,0,0,0,0,0,0,0,0,0,0,0,0,0,0,0,0,0,0,0,0,0,0,0,0,0,0,0,0,0,0,0,0,0,0,0,0,0,0,0,0,0,0,0,0,0,0,0,0,0,0,0,0,0,0,0,0,0,0,0,0,0,0,0,0,0,0,0,0,0,0,0,0,0,0,0,1,2,5,12,23,31,42,58,74,92,118,133,160,193,216,242,268,299,329,350,374,420,445,480,509,558,570,607,626,656,667,701,707,733,739,757,768,780,793,800,813,821,833,844,852,858,864,871,876,880,889,893,896,899,903,906,912,917,922,924,927,931,934,936,939,941,941,943,943,943,944,946
12,11,11,5,1,1,1,0,0,0,0,0,0,0,0,0,0,0,0,0,0,0,0,0,0,0,0,0,0,0,0,0,0,0,0,0,0,0,0,0,0,0,0,0,0,0,0,0,0,0,0,0,0,0,0,0,0,0,0,0,0,0,0,0,0,0,0,0,0,0,0,0,0,0,0,0,0,0,0,0,0,0,0,0,0,0,0,0,0,0,0,0,0,0,0,0,0,0,0,0,0,0,0,0,0,0,0,0,0,0,0,0,0,0,0,0,0,0,0,0,0,0,0,0,0,0,0,0,1,2,6,12,19,26,34,51,67,83,104,125,149,174,204,242,267,293,331,365,401,428,450,479,507,548,561,600,610,641,648,677,685,716,743,750,765,774,785,798,808,818,826,837,843,852,855,863,869,874,883,891,895,897,901,904,908,914,918,924,927,928,932,936,936,938,938,939,941,945,945,946
12,11,11,3,1,1,1,1,0,0,0,0,0,0,0,0,0,0,0,0,0,0,0,0,0,0,0,0,0,0,0,0,0,0,0,0,0,0,0,0,0,0,0,0,0,0,0,0,0,0,0,0,0,0,0,0,0,0,0,0,0,0,0,0,0,0,0,0,0,0,0,0,0,0,0,0,0,0,0,0,0,0,0,0,0,0,0,0,0,0,0,0,0,0,0,0,0,0,0,0,0,0,0,0,0,0,0,0,0,0,0,0,0,0,0,0,0,0,0,0,0,0,0,0,0,0,0,0,0,2,3,8,10,17,28,44,68,87,104,129,162,192,215,248,276,301,333,365,392,421,445,468,490,510,552,567,613,626,662,672,709,715,741,754,761,768,779,790,799,813,821,830,837,852,861,866,875,880,887,894,901,905,906,911,913,915,919,922,923,923,926,929,932,936,939,941,943,943,944,946
12,11,7,2,1,1,1,0,0,0,0,0,0,0,0,0,0,0,0,0,0,0,0,0,0,0,0,0,0,0,0,0,0,0,0,0,0,0,0,0,0,0,0,0,0,0,0,0,0,0,0,0,0,0,0,0,0,0,0,0,0,0,0,0,0,0,0,0,0,0,0,0,0,0,0,0,0,0,0,0,0,0,0,0,0,0,0,0,0,0,0,0,0,0,0,0,0,0,0,0,0,0,0,0,0,0,0,0,0,0,0,0,0,0,0,0,0,0,0,0,0,0,0,0,0,0,0,0,0,2,6,7,9,17,27,40,54,77,96,118,136,168,195,222,252,289,322,350,378,409,453,481,508,558,563,587,622,637,677,690,721,729,751,756,765,781,788,797,806,813,820,831,838,845,856,865,874,879,884,887,889,892,898,904,912,917,920,925,926,929,932,935,936,938,943,946,949,950,953,953
12,11,10,5,2,1,0,0,0,0,0,0,0,0,0,0,0,0,0,0,0,0,0,0,0,0,0,0,0,0,0,0,0,0,0,0,0,0,0,0,0,0,0,0,0,0,0,0,0,0,0,0,0,0,0,0,0,0,0,0,0,0,0,0,0,0,0,0,0,0,0,0,0,0,0,0,0,0,0,0,0,0,0,0,0,0,0,0,0,0,0,0,0,0,0,0,0,0,0,0,0,0,0,0,0,0,0,0,0,0,0,0,0,0,0,0,0,0,0,0,0,0,0,0,0,0,0,0,3,5,8,11,15,20,36,52,78,101,123,147,170,194,225,256,283,310,340,374,406,427,456,482,508,553,574,601,616,643,652,677,687,717,728,740,745,758,773,789,802,815,821,830,836,846,852,862,869,877,881,890,902,906,909,911,921,925,930,934,935,936,938,941,943,944,947,948,948,948,951,952
12,11,10,4,1,1,1,0,0,0,0,0,0,0,0,0,0,0,0,0,0,0,0,0,0,0,0,0,0,0,0,0,0,0,0,0,0,0,0,0,0,0,0,0,0,0,0,0,0,0,0,0,0,0,0,0,0,0,0,0,0,0,0,0,0,0,0,0,0,0,0,0,0,0,0,0,0,0,0,0,0,0,0,0,0,0,0,0,0,0,0,0,0,0,0,0,0,0,0,0,0,0,0,0,0,0,0,0,0,0,0,0,0,0,0,0,0,0,0,0,0,0,0,0,0,0,0,0,0,2,5,9,10,15,26,45,65,88,115,142,170,195,232,257,288,322,355,380,406,436,466,498,520,556,567,597,614,651,657,691,697,725,732,739,748,757,770,782,797,805,820,824,842,849,859,865,873,878,886,891,898,902,903,907,911,914,916,921,924,927,930,934,934,936,936,938,942,943,944,947
12,11,10,1,1,1,0,0,0,0,0,0,0,0,0,0,0,0,0,0,0,0,0,0,0,0,0,0,0,0,0,0,0,0,0,0,0,0,0,0,0,0,0,0,0,0,0,0,0,0,0,0,0,0,0,0,0,0,0,0,0,0,0,0,0,0,0,0,0,0,0,0,0,0,0,0,0,0,0,0,0,0,0,0,0,0,0,0,0,0,0,0,0,0,0,0,0,0,0,0,0,0,0,0,0,0,0,0,0,0,0,0,0,0,0,0,0,0,0,0,0,0,0,0,0,0,0,0,0,1,2,5,11,14,22,44,57,79,100,119,146,169,201,246,283,312,340,369,402,430,451,477,525,545,589,600,632,642,674,682,720,728,758,762,774,782,791,805,812,821,828,838,848,857,862,869,872,876,886,891,897,900,907,915,917,923,924,928,932,933,938,939,940,941,943,946,947,950,951,952
12,11,8,1,1,1,1,0,0,0,0,0,0,0,0,0,0,0,0,0,0,0,0,0,0,0,0,0,0,0,0,0,0,0,0,0,0,0,0,0,0,0,0,0,0,0,0,0,0,0,0,0,0,0,0,0,0,0,0,0,0,0,0,0,0,0,0,0,0,0,0,0,0,0,0,0,0,0,0,0,0,0,0,0,0,0,0,0,0,0,0,0,0,0,0,0,0,0,0,0,0,0,0,0,0,0,0,0,0,0,0,0,0,0,0,0,0,0,0,0,0,0,0,0,0,0,0,1,2,2,6,12,21,35,50,66,79,99,120,151,176,202,229,254,279,309,343,369,414,446,472,497,521,572,585,613,629,671,676,705,709,743,745,755,762,770,775,789,797,813,818,828,837,844,850,856,865,870,875,882,891,894,901,907,907,913,918,921,923,923,923,925,928,930,930,935,938,943,944,946
12,11,10,1,1,1,0,0,0,0,0,0,0,0,0,0,0,0,0,0,0,0,0,0,0,0,0,0,0,0,0,0,0,0,0,0,0,0,0,0,0,0,0,0,0,0,0,0,0,0,0,0,0,0,0,0,0,0,0,0,0,0,0,0,0,0,0,0,0,0,0,0,0,0,0,0,0,0,0,0,0,0,0,0,0,0,0,0,0,0,0,0,0,0,0,0,0,0,0,0,0,0,0,0,0,0,0,0,0,0,0,0,0,0,0,0,0,0,0,0,0,0,0,0,0,0,0,0,1,1,5,6,10,19,34,58,66,89,112,129,155,180,218,249,276,312,341,368,392,417,444,473,500,530,568,575,611,623,650,663,691,704,737,757,769,778,789,798,805,815,821,828,836,846,854,863,869,880,887,892,895,902,903,911,917,919,921,923,927,931,932,935,937,941,945,946,947,948,951,952
12,10,8,2,1,1,1,0,0,0,0,0,0,0,0,0,0,0,0,0,0,0,0,0,0,0,0,0,0,0,0,0,0,0,0,0,0,0,0,0,0,0,0,0,0,0,0,0,0,0,0,0,0,0,0,0,0,0,0,0,0,0,0,0,0,0,0,0,0,0,0,0,0,0,0,0,0,0,0,0,0,0,0,0,0,0,0,0,0,0,0,0,0,0,0,0,0,0,0,0,0,0,0,0,0,0,0,0,0,0,0,0,0,0,0,0,0,0,0,0,0,0,0,0,0,0,0,1,3,8,10,15,20,30,45,63,79,103,119,147,165,200,226,259,293,330,354,380,413,441,470,491,531,543,583,599,637,644,686,709,718,739,751,757,766,776,788,801,809,825,832,839,846,852,856,865,868,874,879,886,889,893,897,901,903,907,914,916,918,920,922,923,926,931,934,937,937,940,941,942
12,11,11,7,1,1,0,0,0,0,0,0,0,0,0,0,0,0,0,0,0,0,0,0,0,0,0,0,0,0,0,0,0,0,0,0,0,0,0,0,0,0,0,0,0,0,0,0,0,0,0,0,0,0,0,0,0,0,0,0,0,0,0,0,0,0,0,0,0,0,0,0,0,0,0,0,0,0,0,0,0,0,0,0,0,0,0,0,0,0,0,0,0,0,0,0,0,0,0,0,0,0,0,0,0,0,0,0,0,0,0,0,0,0,0,0,0,0,0,0,0,0,0,0,0,0,0,0,1,3,5,8,16,23,40,58,68,79,98,122,146,182,206,238,267,294,323,352,380,408,438,470,497,526,560,577,616,629,656,665,691,700,725,734,745,758,773,789,802,812,822,832,841,851,862,866,877,884,885,888,892,897,904,908,912,917,919,925,926,931,933,936,939,940,942,943,947,948,949,951
12,11,11,6,2,1,0,0,0,0,0,0,0,0,0,0,0,0,0,0,0,0,0,0,0,0,0,0,0,0,0,0,0,0,0,0,0,0,0,0,0,0,0,0,0,0,0,0,0,0,0,0,0,0,0,0,0,0,0,0,0,0,0,0,0,0,0,0,0,0,0,0,0,0,0,0,0,0,0,0,0,0,0,0,0,0,0,0,0,0,0,0,0,0,0,0,0,0,0,0,0,0,0,0,0,0,0,0,0,0,0,0,0,0,0,0,0,0,0,0,0,0,0,0,0,0,0,0,0,1,3,7,10,20,29,38,58,78,94,120,139,173,205,236,269,306,341,365,392,417,444,475,501,535,554,575,616,628,660,670,702,712,747,755,765,777,787,796,804,815,826,833,839,844,854,860,870,873,881,889,890,895,896,902,911,913,917,921,924,927,928,929,933,936,938,939,940,943,946,950
12,11,11,4,1,1,1,0,0,0,0,0,0,0,0,0,0,0,0,0,0,0,0,0,0,0,0,0,0,0,0,0,0,0,0,0,0,0,0,0,0,0,0,0,0,0,0,0,0,0,0,0,0,0,0,0,0,0,0,0,0,0,0,0,0,0,0,0,0,0,0,0,0,0,0,0,0,0,0,0,0,0,0,0,0,0,0,0,0,0,0,0,0,0,0,0,0,0,0,0,0,0,0,0,0,0,0,0,0,0,0,0,0,0,0,0,0,0,0,0,0,0,0,0,0,0,0,0,1,2,2,3,12,22,31,47,64,84,107,130,150,171,206,230,266,293,318,350,385,426,454,475,501,538,553,589,600,638,645,680,700,719,725,751,756,773,783,792,803,815,832,841,846,850,858,864,867,871,880,887,898,902,907,912,917,921,921,923,923,926,927,930,934,935,938,939,940,942,944,945
12,11,11,5,1,1,1,0,0,0,0,0,0,0,0,0,0,0,0,0,0,0,0,0,0,0,0,0,0,0,0,0,0,0,0,0,0,0,0,0,0,0,0,0,0,0,0,0,0,0,0,0,0,0,0,0,0,0,0,0,0,0,0,0,0,0,0,0,0,0,0,0,0,0,0,0,0,0,0,0,0,0,0,0,0,0,0,0,0,0,0,0,0,0,0,0,0,0,0,0,0,0,0,0,0,0,0,0,0,0,0,0,0,0,0,0,0,0,0,0,0,0,0,0,0,0,0,0,0,1,2,5,11,18,26,38,58,74,92,121,148,178,202,225,265,293,326,365,396,424,458,482,503,542,562,607,615,644,659,690,709,727,737,746,763,770,783,798,807,821,833,845,854,860,864,867,874,877,884,895,900,905,911,913,916,918,922,927,927,929,931,931,935,939,940,941,942,942,945,946
12,11,10,1,1,1,1,0,0,0,0,0,0,0,0,0,0,0,0,0,0,0,0,0,0,0,0,0,0,0,0,0,0,0,0,0,0,0,0,0,0,0,0,0,0,0,0,0,0,0,0,0,0,0,0,0,0,0,0,0,0,0,0,0,0,0,0,0,0,0,0,0,0,0,0,0,0,0,0,0,0,0,0,0,0,0,0,0,0,0,0,0,0,0,0,0,0,0,0,0,0,0,0,0,0,0,0,0,0,0,0,0,0,0,0,0,0,0,0,0,0,0,0,0,0,0,0,1,2,3,4,6,12,20,32,46,66,84,110,139,163,194,224,268,290,323,358,383,405,438,464,484,521,543,576,596,642,653,691,702,728,729,745,751,760,780,793,804,815,825,833,843,851,856,864,872,884,887,896,904,905,906,912,919,922,927,931,932,933,935,937,938,939,944,945,946,946,947,949,950
12,11,10,3,1,1,1,0,0,0,0,0,0,0,0,0,0,0,0,0,0,0,0,0,0,0,0,0,0,0,0,0,0,0,0,0,0,0,0,0,0,0,0,0,0,0,0,0,0,0,0,0,0,0,0,0,0,0,0,0,0,0,0,0,0,0,0,0,0,0,0,0,0,0,0,0,0,0,0,0,0,0,0,0,0,0,0,0,0,0,0,0,0,0,0,0,0,0,0,0,0,0,0,0,0,0,0,0,0,0,0,0,0,0,0,0,0,0,0,0,0,0,0,0,0,0,0,0,1,2,6,9,14,20,33,52,74,94,121,140,174,198,222,254,288,315,342,379,407,441,469,494,535,554,594,609,655,664,683,698,723,746,753,758,767,774,784,794,802,813,825,837,839,844,851,860,870,874,881,887,894,899,903,909,916,918,921,925,928,931,935,936,938,939,942,944,944,947,947,948
12,11,11,7,1,1,1,0,0,0,0,0,0,0,0,0,0,0,0,0,0,0,0,0,0,0,0,0,0,0,0,0,0,0,0,0,0,0,0,0,0,0,0,0,0,0,0,0,0,0,0,0,0,0,0,0,0,0,0,0,0,0,0,0,0,0,0,0,0,0,0,0,0,0,0,0,0,0,0,0,0,0,0,0,0,0,0,0,0,0,0,0,0,0,0,0,0,0,0,0,0,0,0,0,0,0,0,0,0,0,0,0,0,0,0,0,0,0,0,0,0,0,0,0,0,0,0,0,1,2,4,6,13,25,36,53,69,89,113,140,165,192,221,253,282,309,334,370,396,418,446,474,509,545,568,605,620,655,664,698,710,718,743,750,762,772,786,798,812,816,826,835,850,860,868,875,882,886,890,900,904,906,908,914,920,923,924,931,933,938,940,942,943,946,948,948,949,951,954,955
12,11,8,4,1,1,0,0,0,0,0,0,0,0,0,0,0,0,0,0,0,0,0,0,0,0,0,0,0,0,0,0,0,0,0,0,0,0,0,0,0,0,0,0,0,0,0,0,0,0,0,0,0,0,0,0,0,0,0,0,0,0,0,0,0,0,0,0,0,0,0,0,0,0,0,0,0,0,0,0,0,0,0,0,0,0,0,0,0,0,0,0,0,0,0,0,0,0,0,0,0,0,0,0,0,0,0,0,0,0,0,0,0,0,0,0,0,0,0,0,0,0,0,0,0,0,0,0,1,2,6,11,16,19,36,50,77,98,116,137,161,199,230,262,293,327,358,381,413,442,461,487,527,540,560,608,617,654,660,686,692,722,743,755,765,776,793,805,818,826,833,845,860,871,877,884,887,890,897,900,908,909,912,917,921,924,926,928,931,932,934,935,939,943,945,946,947,948,950,951
12,11,9,2,1,1,1,0,0,0,0,0,0,0,0,0,0,0,0,0,0,0,0,0,0,0,0,0,0,0,0,0,0,0,0,0,0,0,0,0,0,0,0,0,0,0,0,0,0,0,0,0,0,0,0,0,0,0,0,0,0,0,0,0,0,0,0,0,0,0,0,0,0,0,0,0,0,0,0,0,0,0,0,0,0,0,0,0,0,0,0,0,0,0,0,0,0,0,0,0,0,0,0,0,0,0,0,0,0,0,0,0,0,0,0,0,0,0,0,0,0,0,0,0,0,0,0,0,3,6,8,17,21,34,42,53,70,89,108,131,158,193,219,242,279,311,339,369,400,435,464,500,546,565,603,615,641,654,683,697,725,733,752,755,769,776,786,792,796,809,819,829,842,857,861,870,875,876,886,889,895,900,901,910,914,917,923,927,929,932,935,935,936,938,939,940,941,942,945,948
12,11,11,9,2,1,1,1,0,0,0,0,0,0,0,0,0,0,0,0,0,0,0,0,0,0,0,0,0,0,0,0,0,0,0,0,0,0,0,0,0,0,0,0,0,0,0,0,0,0,0,0,0,0,0,0,0,0,0,0,0,0,0,0,0,0,0,0,0,0,0,0,0,0,0,0,0,0,0,0,0,0,0,0,0,0,0,0,0,0,0,0,0,0,0,0,0,0,0,0,0,0,0,0,0,0,0,0,0,0,0,0,0,0,0,0,0,0,0,0,0,0,0,0,0,0,0,0,0,0,4,4,9,19,30,44,59,81,103,127,150,182,204,236,263,286,321,346,386,418,443,480,511,549,569,608,622,647,659,685,688,723,744,750,762,774,789,799,805,812,815,826,834,842,853,860,870,875,881,884,890,895,900,904,906,908,915,920,923,925,928,932,934,936,936,938,940,942,944,949
12,11,9,3,1,1,1,0,0,0,0,0,0,0,0,0,0,0,0,0,0,0,0,0,0,0,0,0,0,0,0,0,0,0,0,0,0,0,0,0,0,0,0,0,0,0,0,0,0,0,0,0,0,0,0,0,0,0,0,0,0,0,0,0,0,0,0,0,0,0,0,0,0,0,0,0,0,0,0,0,0,0,0,0,0,0,0,0,0,0,0,0,0,0,0,0,0,0,0,0,0,0,0,0,0,0,0,0,0,0,0,0,0,0,0,0,0,0,0,0,0,0,0,0,0,0,0,0,1,3,5,7,14,20,31,48,69,98,118,138,164,194,227,253,287,312,347,383,413,445,478,501,532,549,574,587,627,638,668,675,705,712,742,754,765,773,783,798,805,817,826,833,847,857,867,874,877,885,888,894,902,903,908,912,916,921,925,928,930,931,934,935,937,939,939,940,943,948,950,952
12,11,8,3,1,1,1,0,0,0,0,0,0,0,0,0,0,0,0,0,0,0,0,0,0,0,0,0,0,0,0,0,0,0,0,0,0,0,0,0,0,0,0,0,0,0,0,0,0,0,0,0,0,0,0,0,0,0,0,0,0,0,0,0,0,0,0,0,0,0,0,0,0,0,0,0,0,0,0,0,0,0,0,0,0,0,0,0,0,0,0,0,0,0,0,0,0,0,0,0,0,0,0,0,0,0,0,0,0,0,0,0,0,0,0,0,0,0,0,0,0,0,0,0,0,0,0,0,2,4,8,13,24,36,52,70,91,111,137,154,178,202,229,260,291,319,359,392,421,443,472,497,545,561,582,624,636,655,689,698,725,742,744,758,770,778,789,803,812,820,829,834,845,851,857,863,872,880,887,891,896,897,901,904,912,918,923,923,926,932,933,938,940,941,942,944,944,945,945,946
12,11,11,5,1,1,1,0,0,0,0,0,0,0,0,0,0,0,0,0,0,0,0,0,0,0,0,0,0,0,0,0,0,0,0,0,0,0,0,0,0,0,0,0,0,0,0,0,0,0,0,0,0,0,0,0,0,0,0,0,0,0,0,0,0,0,0,0,0,0,0,0,0,0,0,0,0,0,0,0,0,0,0,0,0,0,0,0,0,0,0,0,0,0,0,0,0,0,0,0,0,0,0,0,0,0,0,0,0,0,0,0,0,0,0,0,0,0,0,0,0,0,0,0,0,0,0,0,0,2,4,4,10,19,30,45,66,82,104,124,152,182,205,234,274,302,334,363,397,437,457,478,543,554,586,605,623,666,675,687,723,735,756,765,774,782,792,801,809,818,827,837,846,854,861,869,876,878,885,891,894,900,905,910,915,917,920,922,924,929,931,936,940,943,946,950,951,952,953,956
12,11,11,4,1,1,1,1,0,0,0,0,0,0,0,0,0,0,0,0,0,0,0,0,0,0,0,0,0,0,0,0,0,0,0,0,0,0,0,0,0,0,0,0,0,0,0,0,0,0,0,0,0,0,0,0,0,0,0,0,0,0,0,0,0,0,0,0,0,0,0,0,0,0,0,0,0,0,0,0,0,0,0,0,0,0,0,0,0,0,0,0,0,0,0,0,0,0,0,0,0,0,0,0,0,0,0,0,0,0,0,0,0,0,0,0,0,0,0,0,0,0,0,0,0,0,0,0,0,2,5,8,12,19,28,40,61,79,95,116,149,182,219,243,267,299,323,365,397,422,452,471,502,542,556,595,608,642,656,692,699,724,736,739,749,760,773,786,797,810,821,824,834,843,851,858,861,871,881,886,890,894,896,899,906,910,913,917,923,927,932,933,936,938,940,941,941,942,944,948
12,11,11,11,3,1,1,1,0,0,0,0,0,0,0,0,0,0,0,0,0,0,0,0,0,0,0,0,0,0,0,0,0,0,0,0,0,0,0,0,0,0,0,0,0,0,0,0,0,0,0,0,0,0,0,0,0,0,0,0,0,0,0,0,0,0,0,0,0,0,0,0,0,0,0,0,0,0,0,0,0,0,0,0,0,0,0,0,0,0,0,0,0,0,0,0,0,0,0,0,0,0,0,0,0,0,0,0,0,0,0,0,0,0,0,0,0,0,0,0,0,0,0,0,0,0,0,0,0,0,4,7,11,18,28,40,57,74,101,122,148,168,193,227,253,279,301,336,373,407,444,469,494,539,548,583,589,612,625,658,666,700,705,742,751,761,770,780,792,809,828,841,846,857,864,869,876,882,884,890,895,899,904,908,911,914,918,920,925,925,927,928,931,935,937,939,942,944,944,948
12,11,11,7,2,1,0,0,0,0,0,0,0,0,0,0,0,0,0,0,0,0,0,0,0,0,0,0,0,0,0,0,0,0,0,0,0,0,0,0,0,0,0,0,0,0,0,0,0,0,0,0,0,0,0,0,0,0,0,0,0,0,0,0,0,0,0,0,0,0,0,0,0,0,0,0,0,0,0,0,0,0,0,0,0,0,0,0,0,0,0,0,0,0,0,0,0,0,0,0,0,0,0,0,0,0,0,0,0,0,0,0,0,0,0,0,0,0,0,0,0,0,0,0,0,0,0,0,0,2,5,8,10,15,27,38,56,74,101,126,155,177,205,234,264,286,318,356,385,423,450,478,506,546,565,621,629,657,668,702,711,741,754,758,768,779,792,803,811,825,837,846,853,859,866,867,874,882,885,889,893,894,898,905,909,911,914,914,917,919,922,924,928,933,934,935,937,940,943,943
12,11,11,7,1,1,1,1,0,0,0,0,0,0,0,0,0,0,0,0,0,0,0,0,0,0,0,0,0,0,0,0,0,0,0,0,0,0,0,0,0,0,0,0,0,0,0,0,0,0,0,0,0,0,0,0,0,0,0,0,0,0,0,0,0,0,0,0,0,0,0,0,0,0,0,0,0,0,0,0,0,0,0,0,0,0,0,0,0,0,0,0,0,0,0,0,0,0,0,0,0,0,0,0,0,0,0,0,0,0,0,0,0,0,0,0,0,0,0,0,0,0,0,0,0,0,0,0,0,0,4,6,13,22,29,42,57,79,94,122,148,172,193,235,265,288,317,350,386,413,445,470,495,546,562,597,611,647,660,690,696,726,747,753,765,775,787,798,807,820,828,833,841,848,858,863,871,879,887,892,900,901,905,909,913,915,918,923,926,931,931,934,937,937,938,942,943,947,947,950
12,11,10,3,1,1,1,0,0,0,0,0,0,0,0,0,0,0,0,0,0,0,0,0,0,0,0,0,0,0,0,0,0,0,0,0,0,0,0,0,0,0,0,0,0,0,0,0,0,0,0,0,0,0,0,0,0,0,0,0,0,0,0,0,0,0,0,0,0,0,0,0,0,0,0,0,0,0,0,0,0,0,0,0,0,0,0,0,0,0,0,0,0,0,0,0,0,0,0,0,0,0,0,0,0,0,0,0,0,0,0,0,0,0,0,0,0,0,0,0,0,0,0,0,0,0,0,0,2,2,5,6,9,16,24,38,59,83,107,129,155,191,226,253,283,312,345,382,418,445,469,500,527,553,597,613,646,654,686,694,722,729,749,756,765,772,784,790,800,807,817,825,831,839,844,848,853,863,868,874,880,892,899,904,908,912,914,923,925,927,929,935,940,942,947,947,947,949,951,951
12,11,11,10,3,2,1,1,0,0,0,0,0,0,0,0,0,0,0,0,0,0,0,0,0,0,0,0,0,0,0,0,0,0,0,0,0,0,0,0,0,0,0,0,0,0,0,0,0,0,0,0,0,0,0,0,0,0,0,0,0,0,0,0,0,0,0,0,0,0,0,0,0,0,0,0,0,0,0,0,0,0,0,0,0,0,0,0,0,0,0,0,0,0,0,0,0,0,0,0,0,0,0,0,0,0,0,0,0,0,0,0,0,0,0,0,0,0,0,0,0,0,0,0,0,0,0,0,0,0,1,2,7,13,19,32,53,68,91,114,132,158,185,212,251,284,311,346,390,419,448,469,499,522,572,586,614,624,655,668,694,701,736,741,754,767,779,789,806,819,829,839,848,857,863,871,875,881,887,893,898,907,912,915,916,921,928,930,931,933,936,938,938,938,941,943,944,946,947,948
12,11,11,8,2,1,0,0,0,0,0,0,0,0,0,0,0,0,0,0,0,0,0,0,0,0,0,0,0,0,0,0,0,0,0,0,0,0,0,0,0,0,0,0,0,0,0,0,0,0,0,0,0,0,0,0,0,0,0,0,0,0,0,0,0,0,0,0,0,0,0,0,0,0,0,0,0,0,0,0,0,0,0,0,0,0,0,0,0,0,0,0,0,0,0,0,0,0,0,0,0,0,0,0,0,0,0,0,0,0,0,0,0,0,0,0,0,0,0,0,0,0,0,0,0,0,0,0,0,1,2,7,14,18,26,42,59,72,93,123,154,176,206,239,274,298,332,368,396,427,447,478,496,549,568,589,627,640,677,685,708,731,743,750,760,771,785,803,810,822,827,838,846,853,858,862,875,878,885,886,893,898,903,910,915,922,922,923,927,930,935,936,937,939,941,943,944,944,947,950
12,11,11,7,1,1,1,0,0,0,0,0,0,0,0,0,0,0,0,0,0,0,0,0,0,0,0,0,0,0,0,0,0,0,0,0,0,0,0,0,0,0,0,0,0,0,0,0,0,0,0,0,0,0,0,0,0,0,0,0,0,0,0,0,0,0,0,0,0,0,0,0,0,0,0,0,0,0,0,0,0,0,0,0,0,0,0,0,0,0,0,0,0,0,0,0,0,0,0,0,0,0,0,0,0,0,0,0,0,0,0,0,0,0,0,0,0,0,0,0,0,0,0,0,0,0,0,0,1,2,4,6,11,19,33,38,57,68,92,121,149,180,201,229,260,293,321,357,389,418,452,482,511,548,560,603,625,658,665,698,702,733,754,758,767,781,790,799,812,819,828,839,845,853,858,866,872,876,883,888,895,896,899,905,911,915,917,921,923,925,928,930,933,936,936,937,937,938,939,940
12,11,11,5,2,1,1,0,0,0,0,0,0,0,0,0,0,0,0,0,0,0,0,0,0,0,0,0,0,0,0,0,0,0,0,0,0,0,0,0,0,0,0,0,0,0,0,0,0,0,0,0,0,0,0,0,0,0,0,0,0,0,0,0,0,0,0,0,0,0,0,0,0,0,0,0,0,0,0,0,0,0,0,0,0,0,0,0,0,0,0,0,0,0,0,0,0,0,0,0,0,0,0,0,0,0,0,0,0,0,0,0,0,0,0,0,0,0,0,0,0,0,0,0,0,0,0,0,0,1,3,7,13,18,25,40,61,75,98,124,150,185,210,230,255,287,325,352,388,424,448,477,507,529,550,581,593,621,630,659,675,682,715,723,735,747,759,770,786,798,810,820,824,831,843,851,859,865,871,880,888,893,894,901,911,918,919,919,923,926,930,932,935,938,940,941,942,944,946,947
12,11,11,7,2,1,1,1,1,0,0,0,0,0,0,0,0,0,0,0,0,0,0,0,0,0,0,0,0,0,0,0,0,0,0,0,0,0,0,0,0,0,0,0,0,0,0,0,0,0,0,0,0,0,0,0,0,0,0,0,0,0,0,0,0,0,0,0,0,0,0,0,0,0,0,0,0,0,0,0,0,0,0,0,0,0,0,0,0,0,0,0,0,0,0,0,0,0,0,0,0,0,0,0,0,0,0,0,0,0,0,0,0,0,0,0,0,0,0,0,0,0,0,0,0,0,0,0,0,0,1,6,9,20,33,42,60,80,96,112,139,163,191,218,244,280,307,336,363,385,418,450,487,521,567,578,623,635,662,670,710,717,740,747,758,770,780,793,807,822,834,842,852,859,870,875,877,880,886,891,896,901,904,909,916,917,920,923,928,932,938,940,941,942,943,945,946,948,948,949
12,11,10,2,1,1,1,1,0,0,0,0,0,0,0,0,0,0,0,0,0,0,0,0,0,0,0,0,0,0,0,0,0,0,0,0,0,0,0,0,0,0,0,0,0,0,0,0,0,0,0,0,0,0,0,0,0,0,0,0,0,0,0,0,0,0,0,0,0,0,0,0,0,0,0,0,0,0,0,0,0,0,0,0,0,0,0,0,0,0,0,0,0,0,0,0,0,0,0,0,0,0,0,0,0,0,0,0,0,0,0,0,0,0,0,0,0,0,0,0,0,0,0,0,0,0,0,1,1,3,8,9,17,22,29,39,54,68,94,125,156,186,222,251,288,316,346,381,423,449,478,502,547,559,586,601,634,650,683,685,713,716,742,752,762,775,791,799,810,821,833,844,848,855,861,870,875,882,885,888,894,899,901,907,911,917,921,924,929,931,932,933,937,938,942,944,947,947,948,948
12,11,11,5,2,1,1,0,0,0,0,0,0,0,0,0,0,0,0,0,0,0,0,0,0,0,0,0,0,0,0,0,0,0,0,0,0,0,0,0,0,0,0,0,0,0,0,0,0,0,0,0,0,0,0,0,0,0,0,0,0,0,0,0,0,0,0,0,0,0,0,0,0,0,0,0,0,0,0,0,0,0,0,0,0,0,0,0,0,0,0,0,0,0,0,0,0,0,0,0,0,0,0,0,0,0,0,0,0,0,0,0,0,0,0,0,0,0,0,0,0,0,0,0,0,0,0,0,3,5,8,12,19,31,41,51,73,94,106,133,155,189,214,246,271,303,330,369,393,421,448,473,492,547,564,601,610,643,650,678,686,723,730,748,754,767,777,786,793,801,813,824,836,847,855,860,867,872,876,882,890,901,908,912,915,916,919,924,925,928,932,933,934,937,939,942,942,944,944,947
12,11,11,5,1,1,1,1,0,0,0,0,0,0,0,0,0,0,0,0,0,0,0,0,0,0,0,0,0,0,0,0,0,0,0,0,0,0,0,0,0,0,0,0,0,0,0,0,0,0,0,0,0,0,0,0,0,0,0,0,0,0,0,0,0,0,0,0,0,0,0,0,0,0,0,0,0,0,0,0,0,0,0,0,0,0,0,0,0,0,0,0,0,0,0,0,0,0,0,0,0,0,0,0,0,0,0,0,0,0,0,0,0,0,0,0,0,0,0,0,0,0,0,0,0,0,0,0,0,2,2,4,16,24,40,53,74,87,108,138,157,185,215,247,281,300,334,359,389,414,440,467,496,527,569,580,618,634,660,671,702,707,733,739,748,764,778,792,801,811,819,832,845,851,861,867,873,879,885,894,901,905,910,912,914,915,922,930,931,934,935,938,940,943,948,949,950,952,954,954
12,11,11,5,1,1,1,0,0,0,0,0,0,0,0,0,0,0,0,0,0,0,0,0,0,0,0,0,0,0,0,0,0,0,0,0,0,0,0,0,0,0,0,0,0,0,0,0,0,0,0,0,0,0,0,0,0,0,0,0,0,0,0,0,0,0,0,0,0,0,0,0,0,0,0,0,0,0,0,0,0,0,0,0,0,0,0,0,0,0,0,0,0,0,0,0,0,0,0,0,0,0,0,0,0,0,0,0,0,0,0,0,0,0,0,0,0,0,0,0,0,0,0,0,0,0,0,0,1,4,4,11,16,22,32,43,53,77,94,114,135,164,189,215,252,292,321,353,386,410,449,476,495,512,550,568,588,634,648,673,681,717,721,750,764,770,779,786,797,806,816,825,832,837,847,858,862,868,873,881,885,889,899,903,909,912,916,917,920,927,932,935,938,940,943,946,947,949,950,951
12,11,11,7,2,1,1,0,0,0,0,0,0,0,0,0,0,0,0,0,0,0,0,0,0,0,0,0,0,0,0,0,0,0,0,0,0,0,0,0,0,0,0,0,0,0,0,0,0,0,0,0,0,0,0,0,0,0,0,0,0,0,0,0,0,0,0,0,0,0,0,0,0,0,0,0,0,0,0,0,0,0,0,0,0,0,0,0,0,0,0,0,0,0,0,0,0,0,0,0,0,0,0,0,0,0,0,0,0,0,0,0,0,0,0,0,0,0,0,0,0,0,0,0,0,0,0,0,0,0,3,5,8,17,26,41,54,70,87,110,133,154,189,214,243,283,310,341,378,400,427,454,487,510,549,564,591,606,626,670,678,718,732,743,749,762,773,781,792,798,809,821,831,840,846,852,857,863,867,875,884,886,892,897,901,905,909,912,917,920,927,927,927,931,934,936,937,940,942,946
12,11,11,5,2,1,1,0,0,0,0,0,0,0,0,0,0,0,0,0,0,0,0,0,0,0,0,0,0,0,0,0,0,0,0,0,0,0,0,0,0,0,0,0,0,0,0,0,0,0,0,0,0,0,0,0,0,0,0,0,0,0,0,0,0,0,0,0,0,0,0,0,0,0,0,0,0,0,0,0,0,0,0,0,0,0,0,0,0,0,0,0,0,0,0,0,0,0,0,0,0,0,0,0,0,0,0,0,0,0,0,0,0,0,0,0,0,0,0,0,0,0,0,0,0,0,0,0,0,2,3,6,11,16,23,36,57,72,92,117,145,176,205,234,262,287,318,346,373,405,437,466,491,524,574,585,617,631,658,669,702,714,739,741,749,762,777,787,798,809,818,832,839,847,854,866,870,876,883,889,898,901,903,903,908,910,915,918,920,925,928,929,935,938,939,939,942,943,944,944
12,11,8,3,1,1,1,0,0,0,0,0,0,0,0,0,0,0,0,0,0,0,0,0,0,0,0,0,0,0,0,0,0,0,0,0,0,0,0,0,0,0,0,0,0,0,0,0,0,0,0,0,0,0,0,0,0,0,0,0,0,0,0,0,0,0,0,0,0,0,0,0,0,0,0,0,0,0,0,0,0,0,0,0,0,0,0,0,0,0,0,0,0,0,0,0,0,0,0,0,0,0,0,0,0,0,0,0,0,0,0,0,0,0,0,0,0,0,0,0,0,0,0,0,0,0,0,0,0,1,3,5,9,20,34,47,59,83,110,125,158,187,215,253,280,313,343,366,395,429,458,480,509,555,573,627,637,661,675,711,726,745,751,760,770,777,791,805,813,822,829,840,849,859,867,871,882,886,892,902,906,908,910,915,918,923,927,929,930,931,935,939,942,943,944,948,951,952,954,954
12,11,5,1,1,1,0,0,0,0,0,0,0,0,0,0,0,0,0,0,0,0,0,0,0,0,0,0,0,0,0,0,0,0,0,0,0,0,0,0,0,0,0,0,0,0,0,0,0,0,0,0,0,0,0,0,0,0,0,0,0,0,0,0,0,0,0,0,0,0,0,0,0,0,0,0,0,0,0,0,0,0,0,0,0,0,0,0,0,0,0,0,0,0,0,0,0,0,0,0,0,0,0,0,0,0,0,0,0,0,0,0,0,0,0,0,0,0,0,0,0,0,0,0,0,0,1,2,2,5,7,13,24,37,49,64,89,109,132,155,186,219,243,271,306,328,353,388,416,446,470,500,536,551,580,620,628,657,672,711,720,747,753,761,771,784,797,806,822,832,842,852,857,867,872,878,887,893,899,905,911,914,917,922,924,927,928,930,931,933,933,935,936,938,940,942,944,945,947,950
12,11,8,1,1,1,1,0,0,0,0,0,0,0,0,0,0,0,0,0,0,0,0,0,0,0,0,0,0,0,0,0,0,0,0,0,0,0,0,0,0,0,0,0,0,0,0,0,0,0,0,0,0,0,0,0,0,0,0,0,0,0,0,0,0,0,0,0,0,0,0,0,0,0,0,0,0,0,0,0,0,0,0,0,0,0,0,0,0,0,0,0,0,0,0,0,0,0,0,0,0,0,0,0,0,0,0,0,0,0,0,0,0,0,0,0,0,0,0,0,0,0,0,0,0,0,0,0,0,0,2,7,16,26,42,59,74,98,125,145,172,204,235,265,290,314,350,380,409,437,468,495,526,546,582,596,628,641,670,682,708,716,741,750,757,763,777,791,803,814,820,831,837,847,852,858,864,870,874,881,892,894,904,908,914,918,921,923,924,928,930,933,934,936,938,940,943,944,946,947
12,11,11,3,1,1,0,0,0,0,0,0,0,0,0,0,0,0,0,0,0,0,0,0,0,0,0,0,0,0,0,0,0,0,0,0,0,0,0,0,0,0,0,0,0,0,0,0,0,0,0,0,0,0,0,0,0,0,0,0,0,0,0,0,0,0,0,0,0,0,0,0,0,0,0,0,0,0,0,0,0,0,0,0,0,0,0,0,0,0,0,0,0,0,0,0,0,0,0,0,0,0,0,0,0,0,0,0,0,0,0,0,0,0,0,0,0,0,0,0,0,0,0,0,0,0,0,0,0,2,3,7,10,23,33,45,63,77,92,125,149,172,199,237,266,296,335,367,392,416,440,460,483,513,568,589,626,644,671,685,712,720,750,756,764,772,782,790,802,814,824,833,840,845,851,861,867,872,881,886,894,900,903,906,911,917,919,922,928,929,929,929,935,938,941,943,947,948,949,954
12,11,10,2,1,1,1,0,0,0,0,0,0,0,0,0,0,0,0,0,0,0,0,0,0,0,0,0,0,0,0,0,0,0,0,0,0,0,0,0,0,0,0,0,0,0,0,0,0,0,0,0,0,0,0,0,0,0,0,0,0,0,0,0,0,0,0,0,0,0,0,0,0,0,0,0,0,0,0,0,0,0,0,0,0,0,0,0,0,0,0,0,0,0,0,0,0,0,0,0,0,0,0,0,0,0,0,0,0,0,0,0,0,0,0,0,0,0,0,0,0,0,0,0,0,0,0,0,1,2,2,6,10,23,38,49,77,105,122,141,164,186,215,246,277,308,335,370,395,435,470,495,522,562,579,623,632,667,678,712,734,749,757,775,784,794,801,811,822,832,837,851,858,859,863,872,878,882,889,893,898,900,905,907,911,915,917,918,918,919,922,926,928,930,930,935,937,942,944,944
12,11,11,5,1,1,1,1,0,0,0,0,0,0,0,0,0,0,0,0,0,0,0,0,0,0,0,0,0,0,0,0,0,0,0,0,0,0,0,0,0,0,0,0,0,0,0,0,0,0,0,0,0,0,0,0,0,0,0,0,0,0,0,0,0,0,0,0,0,0,0,0,0,0,0,0,0,0,0,0,0,0,0,0,0,0,0,0,0,0,0,0,0,0,0,0,0,0,0,0,0,0,0,0,0,0,0,0,0,0,0,0,0,0,0,0,0,0,0,0,0,0,0,0,0,0,0,0,0,1,7,7,15,24,31,41,60,77,108,130,147,184,215,244,280,302,331,355,394,419,445,472,494,540,556,592,606,637,645,677,688,723,733,763,770,780,793,805,815,821,828,836,844,853,860,868,875,884,890,894,905,908,912,914,915,923,927,928,930,930,933,934,936,937,939,940,943,945,949,950
12,11,11,9,1,1,1,0,0,0,0,0,0,0,0,0,0,0,0,0,0,0,0,0,0,0,0,0,0,0,0,0,0,0,0,0,0,0,0,0,0,0,0,0,0,0,0,0,0,0,0,0,0,0,0,0,0,0,0,0,0,0,0,0,0,0,0,0,0,0,0,0,0,0,0,0,0,0,0,0,0,0,0,0,0,0,0,0,0,0,0,0,0,0,0,0,0,0,0,0,0,0,0,0,0,0,0,0,0,0,0,0,0,0,0,0,0,0,0,0,0,0,0,0,0,0,0,0,0,0,4,5,9,14,22,35,52,75,105,132,160,188,215,245,269,303,321,354,382,413,440,477,505,546,563,577,619,626,650,664,702,706,734,738,746,756,773,785,799,806,816,824,835,844,855,861,865,875,878,885,889,894,900,909,912,914,922,925,927,928,929,933,936,940,943,943,946,946,950,953
12,11,10,3,1,1,0,0,0,0,0,0,0,0,0,0,0,0,0,0,0,0,0,0,0,0,0,0,0,0,0,0,0,0,0,0,0,0,0,0,0,0,0,0,0,0,0,0,0,0,0,0,0,0,0,0,0,0,0,0,0,0,0,0,0,0,0,0,0,0,0,0,0,0,0,0,0,0,0,0,0,0,0,0,0,0,0,0,0,0,0,0,0,0,0,0,0,0,0,0,0,0,0,0,0,0,0,0,0,0,0,0,0,0,0,0,0,0,0,0,0,0,0,0,0,0,0,0,2,3,9,15,20,33,43,53,71,96,116,146,169,196,229,260,289,320,349,380,402,432,463,489,520,556,573,610,624,654,668,701,709,728,756,759,771,780,791,808,820,828,835,843,851,857,859,869,875,879,884,893,896,901,904,908,910,914,916,924,926,927,930,934,935,936,937,938,938,938,940,941
12,11,5,1,1,1,0,0,0,0,0,0,0,0,0,0,0,0,0,0,0,0,0,0,0,0,0,0,0,0,0,0,0,0,0,0,0,0,0,0,0,0,0,0,0,0,0,0,0,0,0,0,0,0,0,0,0,0,0,0,0,0,0,0,0,0,0,0,0,0,0,0,0,0,0,0,0,0,0,0,0,0,0,0,0,0,0,0,0,0,0,0,0,0,0,0,0,0,0,0,0,0,0,0,0,0,0,0,0,0,0,0,0,0,0,0,0,0,0,0,0,0,0,0,0,0,1,1,1,1,1,12,19,28,44,61,78,101,118,147,171,205,238,262,293,323,352,372,404,442,473,504,529,562,580,611,627,656,672,706,711,739,749,757,768,775,797,812,820,831,843,848,853,861,870,874,875,877,880,884,890,894,899,903,908,911,912,916,919,922,926,932,937,939,940,940,941,944,944,946
12,11,11,4,2,1,1,0,0,0,0,0,0,0,0,0,0,0,0,0,0,0,0,0,0,0,0,0,0,0,0,0,0,0,0,0,0,0,0,0,0,0,0,0,0,0,0,0,0,0,0,0,0,0,0,0,0,0,0,0,0,0,0,0,0,0,0,0,0,0,0,0,0,0,0,0,0,0,0,0,0,0,0,0,0,0,0,0,0,0,0,0,0,0,0,0,0,0,0,0,0,0,0,0,0,0,0,0,0,0,0,0,0,0,0,0,0,0,0,0,0,0,0,0,0,0,0,0,1,1,4,7,15,21,36,50,67,81,101,128,158,183,220,260,280,314,335,362,391,417,446,476,502,553,572,607,621,656,664,679,715,733,745,759,770,778,790,795,804,814,827,832,837,848,857,861,867,872,877,880,883,889,894,896,901,906,912,918,923,925,927,931,933,935,937,941,942,944,948,950
12,11,11,7,1,1,1,1,0,0,0,0,0,0,0,0,0,0,0,0,0,0,0,0,0,0,0,0,0,0,0,0,0,0,0,0,0,0,0,0,0,0,0,0,0,0,0,0,0,0,0,0,0,0,0,0,0,0,0,0,0,0,0,0,0,0,0,0,0,0,0,0,0,0,0,0,0,0,0,0,0,0,0,0,0,0,0,0,0,0,0,0,0,0,0,0,0,0,0,0,0,0,0,0,0,0,0,0,0,0,0,0,0,0,0,0,0,0,0,0,0,0,0,0,0,0,0,0,0,1,1,2,6,13,22,36,47,71,94,118,139,159,190,222,257,283,320,346,380,407,428,458,481,508,556,572,599,614,651,665,694,721,734,765,774,781,790,804,813,821,828,835,839,851,860,863,872,878,880,884,891,894,899,906,907,915,916,920,925,930,934,935,936,938,940,942,943,946,949,950
12,11,11,2,1,1,1,0,0,0,0,0,0,0,0,0,0,0,0,0,0,0,0,0,0,0,0,0,0,0,0,0,0,0,0,0,0,0,0,0,0,0,0,0,0,0,0,0,0,0,0,0,0,0,0,0,0,0,0,0,0,0,0,0,0,0,0,0,0,0,0,0,0,0,0,0,0,0,0,0,0,0,0,0,0,0,0,0,0,0,0,0,0,0,0,0,0,0,0,0,0,0,0,0,0,0,0,0,0,0,0,0,0,0,0,0,0,0,0,0,0,0,0,0,0,0,0,0,1,5,8,11,14,25,29,42,57,84,99,126,154,189,217,246,270,297,335,367,396,427,459,482,516,561,577,615,627,665,676,706,714,726,751,754,757,774,781,792,804,817,826,837,845,851,860,868,876,882,889,896,900,901,907,913,914,915,919,923,926,928,930,932,934,935,937,939,941,945,945,948
12,11,11,10,3,1,1,1,0,0,0,0,0,0,0,0,0,0,0,0,0,0,0,0,0,0,0,0,0,0,0,0,0,0,0,0,0,0,0,0,0,0,0,0,0,0,0,0,0,0,0,0,0,0,0,0,0,0,0,0,0,0,0,0,0,0,0,0,0,0,0,0,0,0,0,0,0,0,0,0,0,0,0,0,0,0,0,0,0,0,0,0,0,0,0,0,0,0,0,0,0,0,0,0,0,0,0,0,0,0,0,0,0,0,0,0,0,0,0,0,0,0,0,0,0,0,0,0,0,0,2,5,13,18,24,31,46,61,82,109,133,165,192,212,242,276,307,333,359,392,429,459,486,530,545,560,607,620,648,663,690,696,730,742,752,757,766,780,785,804,815,825,832,842,849,859,867,875,883,891,894,900,902,907,913,917,922,925,926,927,932,934,936,940,943,946,946,950,951,953
12,11,11,8,3,1,1,0,0,0,0,0,0,0,0,0,0,0,0,0,0,0,0,0,0,0,0,0,0,0,0,0,0,0,0,0,0,0,0,0,0,0,0,0,0,0,0,0,0,0,0,0,0,0,0,0,0,0,0,0,0,0,0,0,0,0,0,0,0,0,0,0,0,0,0,0,0,0,0,0,0,0,0,0,0,0,0,0,0,0,0,0,0,0,0,0,0,0,0,0,0,0,0,0,0,0,0,0,0,0,0,0,0,0,0,0,0,0,0,0,0,0,0,0,0,0,0,0,1,2,7,8,11,20,32,44,61,83,100,124,144,168,193,220,244,274,297,331,370,395,424,452,489,542,559,583,593,632,645,673,701,715,754,762,767,776,785,796,806,819,827,838,840,851,859,870,874,885,887,890,895,898,905,910,918,920,921,921,923,926,930,932,935,937,939,940,942,944,947,950
12,11,11,2,1,1,0,0,0,0,0,0,0,0,0,0,0,0,0,0,0,0,0,0,0,0,0,0,0,0,0,0,0,0,0,0,0,0,0,0,0,0,0,0,0,0,0,0,0,0,0,0,0,0,0,0,0,0,0,0,0,0,0,0,0,0,0,0,0,0,0,0,0,0,0,0,0,0,0,0,0,0,0,0,0,0,0,0,0,0,0,0,0,0,0,0,0,0,0,0,0,0,0,0,0,0,0,0,0,0,0,0,0,0,0,0,0,0,0,0,0,0,0,0,0,0,0,0,0,2,4,12,21,31,40,53,66,89,109,140,171,202,233,260,291,316,336,359,397,429,453,476,509,559,580,603,618,657,666,700,708,734,752,759,766,779,790,800,806,817,826,832,844,852,859,869,873,881,887,898,903,908,912,913,916,922,923,929,932,934,938,940,943,946,948,952,953,953,954,954
12,11,9,1,1,1,0,0,0,0,0,0,0,0,0,0,0,0,0,0,0,0,0,0,0,0,0,0,0,0,0,0,0,0,0,0,0,0,0,0,0,0,0,0,0,0,0,0,0,0,0,0,0,0,0,0,0,0,0,0,0,0,0,0,0,0,0,0,0,0,0,0,0,0,0,0,0,0,0,0,0,0,0,0,0,0,0,0,0,0,0,0,0,0,0,0,0,0,0,0,0,0,0,0,0,0,0,0,0,0,0,0,0,0,0,0,0,0,0,0,0,0,0,0,0,0,0,1,2,2,7,14,20,27,40,57,83,95,122,146,171,195,228,249,284,317,356,400,428,453,480,506,527,560,581,612,626,657,670,702,709,736,742,754,758,770,783,795,808,824,834,845,854,864,874,879,881,888,893,897,905,907,908,911,914,921,922,924,926,928,929,932,935,937,940,940,942,946,947,948
12,11,11,6,1,1,1,1,0,0,0,0,0,0,0,0,0,0,0,0,0,0,0,0,0,0,0,0,0,0,0,0,0,0,0,0,0,0,0,0,0,0,0,0,0,0,0,0,0,0,0,0,0,0,0,0,0,0,0,0,0,0,0,0,0,0,0,0,0,0,0,0,0,0,0,0,0,0,0,0,0,0,0,0,0,0,0,0,0,0,0,0,0,0,0,0,0,0,0,0,0,0,0,0,0,0,0,0,0,0,0,0,0,0,0,0,0,0,0,0,0,0,0,0,0,0,0,0,0,1,3,7,13,23,37,50,64,81,97,126,155,177,206,243,277,306,331,357,386,417,439,468,494,527,544,583,594,642,658,688,701,725,740,747,757,764,776,790,799,812,820,823,827,837,846,851,858,866,877,882,889,899,903,907,912,913,920,923,926,928,931,932,936,941,943,943,945,948,948,950
12,11,10,6,2,1,1,1,0,0,0,0,0,0,0,0,0,0,0,0,0,0,0,0,0,0,0,0,0,0,0,0,0,0,0,0,0,0,0,0,0,0,0,0,0,0,0,0,0,0,0,0,0,0,0,0,0,0,0,0,0,0,0,0,0,0,0,0,0,0,0,0,0,0,0,0,0,0,0,0,0,0,0,0,0,0,0,0,0,0,0,0,0,0,0,0,0,0,0,0,0,0,0,0,0,0,0,0,0,0,0,0,0,0,0,0,0,0,0,0,0,0,0,0,0,0,0,0,0,2,2,7,9,11,22,46,67,85,106,133,162,184,214,249,280,308,332,361,393,415,444,464,492,535,552,570,605,617,657,669,695,709,723,743,754,767,779,791,805,810,819,825,833,840,843,854,861,867,876,882,890,897,903,910,914,917,921,924,925,927,930,932,933,935,938,940,942,944,945,948
12,11,10,4,2,1,0,0,0,0,0,0,0,0,0,0,0,0,0,0,0,0,0,0,0,0,0,0,0,0,0,0,0,0,0,0,0,0,0,0,0,0,0,0,0,0,0,0,0,0,0,0,0,0,0,0,0,0,0,0,0,0,0,0,0,0,0,0,0,0,0,0,0,0,0,0,0,0,0,0,0,0,0,0,0,0,0,0,0,0,0,0,0,0,0,0,0,0,0,0,0,0,0,0,0,0,0,0,0,0,0,0,0,0,0,0,0,0,0,0,0,0,0,0,0,0,0,0,1,4,6,9,13,18,27,44,60,74,97,118,138,164,190,220,254,279,309,339,371,403,434,457,483,524,551,575,609,623,658,668,700,706,732,741,755,768,778,785,796,806,820,833,839,843,847,852,862,869,875,880,888,894,898,901,905,913,918,920,922,922,927,930,932,934,937,941,942,942,943,945
12,11,11,8,1,1,0,0,0,0,0,0,0,0,0,0,0,0,0,0,0,0,0,0,0,0,0,0,0,0,0,0,0,0,0,0,0,0,0,0,0,0,0,0,0,0,0,0,0,0,0,0,0,0,0,0,0,0,0,0,0,0,0,0,0,0,0,0,0,0,0,0,0,0,0,0,0,0,0,0,0,0,0,0,0,0,0,0,0,0,0,0,0,0,0,0,0,0,0,0,0,0,0,0,0,0,0,0,0,0,0,0,0,0,0,0,0,0,0,0,0,0,0,0,0,0,0,0,0,2,3,4,11,20,30,43,62,81,100,130,155,190,220,246,275,308,348,376,409,441,477,501,551,563,595,601,636,649,679,683,721,730,752,758,768,776,786,800,813,821,829,834,844,852,858,866,879,885,888,893,898,900,903,906,913,917,919,922,926,928,929,933,935,936,937,938,940,940,941,944
12,11,10,2,1,1,1,0,0,0,0,0,0,0,0,0,0,0,0,0,0,0,0,0,0,0,0,0,0,0,0,0,0,0,0,0,0,0,0,0,0,0,0,0,0,0,0,0,0,0,0,0,0,0,0,0,0,0,0,0,0,0,0,0,0,0,0,0,0,0,0,0,0,0,0,0,0,0,0,0,0,0,0,0,0,0,0,0,0,0,0,0,0,0,0,0,0,0,0,0,0,0,0,0,0,0,0,0,0,0,0,0,0,0,0,0,0,0,0,0,0,0,0,0,0,0,0,0,1,1,3,9,14,20,27,48,65,93,119,144,165,193,218,245,280,314,348,380,412,441,466,487,519,538,563,610,625,649,658,698,709,734,739,746,764,777,792,798,808,812,821,834,847,857,866,874,881,885,888,891,894,898,903,910,914,918,927,929,932,933,935,937,939,944,945,946,948,950,955,955
12,11,10,4,1,1,0,0,0,0,0,0,0,0,0,0,0,0,0,0,0,0,0,0,0,0,0,0,0,0,0,0,0,0,0,0,0,0,0,0,0,0,0,0,0,0,0,0,0,0,0,0,0,0,0,0,0,0,0,0,0,0,0,0,0,0,0,0,0,0,0,0,0,0,0,0,0,0,0,0,0,0,0,0,0,0,0,0,0,0,0,0,0,0,0,0,0,0,0,0,0,0,0,0,0,0,0,0,0,0,0,0,0,0,0,0,0,0,0,0,0,0,0,0,0,0,0,1,3,5,7,12,22,31,36,55,73,93,116,139,161,196,222,256,282,312,336,364,394,426,443,465,489,539,554,585,599,635,644,683,694,732,738,758,769,778,784,798,812,818,823,835,843,857,865,874,879,883,891,894,900,901,906,910,912,914,918,922,923,926,928,928,929,931,932,933,935,940,942,943
12,11,11,7,1,1,1,0,0,0,0,0,0,0,0,0,0,0,0,0,0,0,0,0,0,0,0,0,0,0,0,0,0,0,0,0,0,0,0,0,0,0,0,0,0,0,0,0,0,0,0,0,0,0,0,0,0,0,0,0,0,0,0,0,0,0,0,0,0,0,0,0,0,0,0,0,0,0,0,0,0,0,0,0,0,0,0,0,0,0,0,0,0,0,0,0,0,0,0,0,0,0,0,0,0,0,0,0,0,0,0,0,0,0,0,0,0,0,0,0,0,0,0,0,0,0,0,0,0,0,3,5,11,18,29,39,53,68,86,110,139,169,193,222,260,291,311,351,378,405,437,472,503,557,572,611,621,656,660,694,701,730,737,749,763,773,782,790,800,812,824,834,842,845,857,862,868,878,887,891,896,899,905,909,914,916,918,922,926,928,930,933,934,937,941,942,942,944,949,949
12,11,10,1,1,1,1,0,0,0,0,0,0,0,0,0,0,0,0,0,0,0,0,0,0,0,0,0,0,0,0,0,0,0,0,0,0,0,0,0,0,0,0,0,0,0,0,0,0,0,0,0,0,0,0,0,0,0,0,0,0,0,0,0,0,0,0,0,0,0,0,0,0,0,0,0,0,0,0,0,0,0,0,0,0,0,0,0,0,0,0,0,0,0,0,0,0,0,0,0,0,0,0,0,0,0,0,0,0,0,0,0,0,0,0,0,0,0,0,0,0,0,0,0,0,0,0,0,2,6,8,10,14,22,37,55,71,94,113,131,164,189,227,268,296,325,362,395,423,456,481,510,552,562,596,612,649,657,686,696,728,737,760,768,778,788,797,804,812,824,834,844,849,860,868,876,883,889,892,899,904,909,913,917,919,925,927,930,933,935,939,942,945,946,948,948,949,949,949,952
12,11,11,3,2,2,1,0,0,0,0,0,0,0,0,0,0,0,0,0,0,0,0,0,0,0,0,0,0,0,0,0,0,0,0,0,0,0,0,0,0,0,0,0,0,0,0,0,0,0,0,0,0,0,0,0,0,0,0,0,0,0,0,0,0,0,0,0,0,0,0,0,0,0,0,0,0,0,0,0,0,0,0,0,0,0,0,0,0,0,0,0,0,0,0,0,0,0,0,0,0,0,0,0,0,0,0,0,0,0,0,0,0,0,0,0,0,0,0,0,0,0,0,0,0,0,0,0,0,0,3,6,10,20,27,44,63,82,107,133,163,194,221,248,280,319,354,388,419,441,464,491,517,551,564,593,608,647,653,692,703,731,738,750,759,776,785,792,803,815,827,838,842,850,859,864,872,878,882,889,894,900,902,906,909,912,917,919,924,926,929,934,936,940,943,944,947,948,949,952
12,11,10,10,4,1,1,1,0,0,0,0,0,0,0,0,0,0,0,0,0,0,0,0,0,0,0,0,0,0,0,0,0,0,0,0,0,0,0,0,0,0,0,0,0,0,0,0,0,0,0,0,0,0,0,0,0,0,0,0,0,0,0,0,0,0,0,0,0,0,0,0,0,0,0,0,0,0,0,0,0,0,0,0,0,0,0,0,0,0,0,0,0,0,0,0,0,0,0,0,0,0,0,0,0,0,0,0,0,0,0,0,0,0,0,0,0,0,0,0,0,0,0,0,0,0,0,0,0,0,1,3,5,15,24,31,47,63,86,113,134,161,182,214,239,267,295,326,362,391,429,456,478,508,559,576,593,627,645,673,687,718,730,755,759,770,780,791,806,817,827,842,849,861,868,872,878,887,890,895,896,901,909,911,914,917,923,928,929,934,935,937,941,944,948,950,950,950,951,951
12,11,10,8,1,1,0,0,0,0,0,0,0,0,0,0,0,0,0,0,0,0,0,0,0,0,0,0,0,0,0,0,0,0,0,0,0,0,0,0,0,0,0,0,0,0,0,0,0,0,0,0,0,0,0,0,0,0,0,0,0,0,0,0,0,0,0,0,0,0,0,0,0,0,0,0,0,0,0,0,0,0,0,0,0,0,0,0,0,0,0,0,0,0,0,0,0,0,0,0,0,0,0,0,0,0,0,0,0,0,0,0,0,0,0,0,0,0,0,0,0,0,0,0,0,0,0,0,0,0,2,7,11,21,33,46,60,76,102,131,152,185,215,250,283,312,333,370,398,420,445,476,501,550,564,594,607,650,657,690,694,726,733,746,753,764,778,787,795,802,815,820,826,836,851,857,866,874,880,883,886,892,895,904,909,911,913,918,921,925,928,929,934,936,937,941,944,947,950,952
12,11,11,11,1,1,1,0,0,0,0,0,0,0,0,0,0,0,0,0,0,0,0,0,0,0,0,0,0,0,0,0,0,0,0,0,0,0,0,0,0,0,0,0,0,0,0,0,0,0,0,0,0,0,0,0,0,0,0,0,0,0,0,0,0,0,0,0,0,0,0,0,0,0,0,0,0,0,0,0,0,0,0,0,0,0,0,0,0,0,0,0,0,0,0,0,0,0,0,0,0,0,0,0,0,0,0,0,0,0,0,0,0,0,0,0,0,0,0,0,0,0,0,0,0,0,0,0,0,4,4,9,17,23,31,39,51,70,93,116,150,175,200,237,269,309,336,356,386,412,441,468,503,540,555,572,618,629,658,667,698,704,727,744,748,756,773,778,792,803,814,831,845,852,859,865,870,876,879,888,894,897,902,906,910,915,918,920,923,925,927,932,936,938,941,942,948,952,953,955
12,11,11,11,4,1,1,1,0,0,0,0,0,0,0,0,0,0,0,0,0,0,0,0,0,0,0,0,0,0,0,0,0,0,0,0,0,0,0,0,0,0,0,0,0,0,0,0,0,0,0,0,0,0,0,0,0,0,0,0,0,0,0,0,0,0,0,0,0,0,0,0,0,0,0,0,0,0,0,0,0,0,0,0,0,0,0,0,0,0,0,0,0,0,0,0,0,0,0,0,0,0,0,0,0,0,0,0,0,0,0,0,0,0,0,0,0,0,0,0,0,0,0,0,0,0,0,0,0,0,2,5,9,16,23,29,40,59,71,95,126,151,181,207,251,282,319,362,394,417,458,481,509,554,573,607,617,648,654,692,695,732,735,751,763,771,777,794,803,814,820,829,837,845,853,858,863,867,876,888,895,900,906,910,916,921,925,928,930,932,933,934,936,938,940,942,946,947,948,951
12,11,4,1,1,1,1,0,0,0,0,0,0,0,0,0,0,0,0,0,0,0,0,0,0,0,0,0,0,0,0,0,0,0,0,0,0,0,0,0,0,0,0,0,0,0,0,0,0,0,0,0,0,0,0,0,0,0,0,0,0,0,0,0,0,0,0,0,0,0,0,0,0,0,0,0,0,0,0,0,0,0,0,0,0,0,0,0,0,0,0,0,0,0,0,0,0,0,0,0,0,0,0,0,0,0,0,0,0,0,0,0,0,0,0,0,0,0,0,0,0,0,0,0,0,0,0,1,1,3,5,10,20,32,47,59,77,104,131,154,181,215,251,277,307,349,379,405,435,467,493,524,563,575,612,623,652,657,694,702,731,743,754,759,769,781,790,803,812,819,832,840,846,856,861,867,876,885,892,895,899,901,905,913,919,924,928,931,935,938,940,940,942,942,945,947,947,951,953,954
12,11,11,3,1,1,1,0,0,0,0,0,0,0,0,0,0,0,0,0,0,0,0,0,0,0,0,0,0,0,0,0,0,0,0,0,0,0,0,0,0,0,0,0,0,0,0,0,0,0,0,0,0,0,0,0,0,0,0,0,0,0,0,0,0,0,0,0,0,0,0,0,0,0,0,0,0,0,0,0,0,0,0,0,0,0,0,0,0,0,0,0,0,0,0,0,0,0,0,0,0,0,0,0,0,0,0,0,0,0,0,0,0,0,0,0,0,0,0,0,0,0,0,0,0,0,0,0,1,1,3,6,10,22,31,55,69,86,109,129,158,194,230,256,298,321,347,379,406,439,462,498,542,562,593,602,635,647,677,690,713,732,738,747,760,769,782,793,806,818,823,835,847,854,860,870,875,878,883,889,899,900,906,910,916,921,924,926,929,935,940,941,941,943,946,946,948,949,949,950
12,11,9,3,1,1,1,0,0,0,0,0,0,0,0,0,0,0,0,0,0,0,0,0,0,0,0,0,0,0,0,0,0,0,0,0,0,0,0,0,0,0,0,0,0,0,0,0,0,0,0,0,0,0,0,0,0,0,0,0,0,0,0,0,0,0,0,0,0,0,0,0,0,0,0,0,0,0,0,0,0,0,0,0,0,0,0,0,0,0,0,0,0,0,0,0,0,0,0,0,0,0,0,0,0,0,0,0,0,0,0,0,0,0,0,0,0,0,0,0,0,0,0,0,0,0,0,0,0,1,4,7,14,20,28,41,54,74,96,120,143,171,198,228,266,290,329,363,390,429,461,488,532,547,567,609,622,655,662,688,700,743,754,763,769,784,796,807,812,820,823,831,840,847,855,860,868,871,883,891,895,902,907,911,915,918,923,927,928,929,931,932,936,937,940,940,941,942,945,947
12,11,7,2,1,1,0,0,0,0,0,0,0,0,0,0,0,0,0,0,0,0,0,0,0,0,0,0,0,0,0,0,0,0,0,0,0,0,0,0,0,0,0,0,0,0,0,0,0,0,0,0,0,0,0,0,0,0,0,0,0,0,0,0,0,0,0,0,0,0,0,0,0,0,0,0,0,0,0,0,0,0,0,0,0,0,0,0,0,0,0,0,0,0,0,0,0,0,0,0,0,0,0,0,0,0,0,0,0,0,0,0,0,0,0,0,0,0,0,0,0,0,0,0,0,0,0,0,0,3,4,5,9,16,25,39,56,86,101,133,165,193,219,248,277,303,338,373,408,451,473,502,535,551,589,607,643,650,673,683,716,721,750,752,760,765,775,785,796,804,817,832,840,850,858,866,871,878,882,888,891,894,900,907,910,913,917,918,921,923,925,927,929,932,935,936,939,944,946,946
12,11,11,8,2,1,1,0,0,0,0,0,0,0,0,0,0,0,0,0,0,0,0,0,0,0,0,0,0,0,0,0,0,0,0,0,0,0,0,0,0,0,0,0,0,0,0,0,0,0,0,0,0,0,0,0,0,0,0,0,0,0,0,0,0,0,0,0,0,0,0,0,0,0,0,0,0,0,0,0,0,0,0,0,0,0,0,0,0,0,0,0,0,0,0,0,0,0,0,0,0,0,0,0,0,0,0,0,0,0,0,0,0,0,0,0,0,0,0,0,0,0,0,0,0,0,0,1,5,5,7,11,15,21,37,51,66,81,100,121,142,172,193,225,255,296,326,362,392,420,451,477,522,534,574,591,620,627,666,676,710,720,743,747,754,770,779,785,804,813,825,835,839,849,852,858,867,872,873,879,882,889,895,900,905,912,913,917,923,924,928,931,933,935,940,943,944,945,947,948
12,11,11,9,2,1,1,1,0,0,0,0,0,0,0,0,0,0,0,0,0,0,0,0,0,0,0,0,0,0,0,0,0,0,0,0,0,0,0,0,0,0,0,0,0,0,0,0,0,0,0,0,0,0,0,0,0,0,0,0,0,0,0,0,0,0,0,0,0,0,0,0,0,0,0,0,0,0,0,0,0,0,0,0,0,0,0,0,0,0,0,0,0,0,0,0,0,0,0,0,0,0,0,0,0,0,0,0,0,0,0,0,0,0,0,0,0,0,0,0,0,0,0,0,0,0,0,0,0,1,2,5,10,21,30,42,53,72,90,115,146,176,200,230,268,302,329,357,400,432,468,495,519,553,563,597,611,641,653,675,679,715,721,751,755,769,779,793,802,812,820,830,838,844,848,857,867,877,883,889,895,899,904,913,915,920,921,927,928,929,933,936,939,942,943,944,947,948,948,949
12,11,8,2,1,1,1,0,0,0,0,0,0,0,0,0,0,0,0,0,0,0,0,0,0,0,0,0,0,0,0,0,0,0,0,0,0,0,0,0,0,0,0,0,0,0,0,0,0,0,0,0,0,0,0,0,0,0,0,0,0,0,0,0,0,0,0,0,0,0,0,0,0,0,0,0,0,0,0,0,0,0,0,0,0,0,0,0,0,0,0,0,0,0,0,0,0,0,0,0,0,0,0,0,0,0,0,0,0,0,0,0,0,0,0,0,0,0,0,0,0,0,0,0,0,0,0,0,2,3,3,4,12,22,35,53,79,94,114,141,171,206,226,259,290,313,351,374,406,429,466,488,526,543,582,590,623,638,654,690,712,720,750,755,762,771,788,798,812,824,827,831,842,853,860,867,873,879,883,890,898,899,903,904,910,914,916,918,924,928,931,932,937,939,941,943,946,947,950,951
12,11,11,10,1,1,1,1,1,0,0,0,0,0,0,0,0,0,0,0,0,0,0,0,0,0,0,0,0,0,0,0,0,0,0,0,0,0,0,0,0,0,0,0,0,0,0,0,0,0,0,0,0,0,0,0,0,0,0,0,0,0,0,0,0,0,0,0,0,0,0,0,0,0,0,0,0,0,0,0,0,0,0,0,0,0,0,0,0,0,0,0,0,0,0,0,0,0,0,0,0,0,0,0,0,0,0,0,0,0,0,0,0,0,0,0,0,0,0,0,0,0,0,0,0,0,0,0,0,1,2,4,8,18,26,36,54,80,101,127,154,178,206,244,275,306,336,363,393,416,437,470,494,540,560,584,616,627,654,666,701,716,734,758,766,776,790,803,812,821,830,839,849,855,858,866,868,874,885,893,896,898,905,906,912,915,918,922,927,929,934,935,941,942,943,944,947,947,949,952
12,11,10,2,1,0,0,0,0,0,0,0,0,0,0,0,0,0,0,0,0,0,0,0,0,0,0,0,0,0,0,0,0,0,0,0,0,0,0,0,0,0,0,0,0,0,0,0,0,0,0,0,0,0,0,0,0,0,0,0,0,0,0,0,0,0,0,0,0,0,0,0,0,0,0,0,0,0,0,0,0,0,0,0,0,0,0,0,0,0,0,0,0,0,0,0,0,0,0,0,0,0,0,0,0,0,0,0,0,0,0,0,0,0,0,0,0,0,0,0,0,0,0,0,0,0,0,1,1,2,4,6,10,22,29,46,67,89,109,136,167,191,225,264,288,319,350,380,410,436,466,489,523,568,586,617,628,662,673,698,716,737,749,761,771,780,788,798,811,818,826,834,849,854,864,869,875,879,884,888,893,898,901,908,914,922,925,926,927,930,933,937,941,941,942,944,946,946,948,948
