7,6,6,6,6,6,6,6,6,6,6,6,5,4,4,4,3,1,0,0,0,0,0,0,0,0,0,0,0,0,0,0,0,0,0,0,0,0,0,0,0,0,0,0,0,0,0,0,0,0,0,0,0,0,0,0,0,0,0,0,0,0,0,0,0,0,0,0,0,0,0,0,0,0,0,0,0,0,0,0,0,0,0,0,0,0,0,0,0,0,0,0,0,0,0,0,0,0,0,0,0,0,0,0,0,0,0,0,0,0,0,0,0,0,0,0,0,0,0,0,0,0,0,0,0,1,1,2,5,5,8,8,14,18,18,26,26,26,44,50,50,50,62,96,96,96,96,103,139,157,157,157,157,157,162,185,203,204,204,204,204,204,204,205,220,235,250,252,252,252,252,252,252,252,252,252,252,253,259,260,278,278,278,278,278,278,278,278,278,278,278,278,278,278,278,278,278,278,278,278
7,6,6,6,6,6,6,6,6,6,6,6,6,6,6,6,4,3,2,2,1,1,0,0,0,0,0,0,0,0,0,0,0,0,0,0,0,0,0,0,0,0,0,0,0,0,0,0,0,0,0,0,0,0,0,0,0,0,0,0,0,0,0,0,0,0,0,0,0,0,0,0,0,0,0,0,0,0,0,0,0,0,0,0,0,0,0,0,0,0,0,0,0,0,0,0,0,0,0,0,0,0,0,0,0,0,0,0,0,0,0,0,0,0,0,0,0,0,0,0,0,0,0,0,0,0,0,0,0,1,1,4,4,14,16,18,27,27,29,46,48,48,51,76,87,87,87,90,113,142,142,142,142,142,145,166,191,195,195,195,195,195,195,195,199,217,236,244,244,244,244,244,244,244,244,244,244,244,244,246,246,247,267,267,278,279,281,281,281,281,281,281,281,281,281,281,281,281,281,281
7,6,6,6,6,6,6,6,6,6,6,6,6,5,4,3,2,2,1,0,0,0,0,0,0,0,0,0,0,0,0,0,0,0,0,0,0,0,0,0,0,0,0,0,0,0,0,0,0,0,0,0,0,0,0,0,0,0,0,0,0,0,0,0,0,0,0,0,0,0,0,0,0,0,0,0,0,0,0,0,0,0,0,0,0,0,0,0,0,0,0,0,0,0,0,0,0,0,0,0,0,0,0,0,0,0,0,0,0,0,0,0,0,0,0,0,0,0,0,0,0,0,0,0,0,0,0,0,1,1,1,2,6,6,18,18,19,32,34,34,45,67,69,69,70,89,119,121,121,121,122,132,168,183,183,183,183,183,184,194,219,232,233,233,233,233,233,233,233,239,241,261,264,266,266,266,266,266,266,266,266,266,266,266,266,270,270,272,284,284,284,284,284,284,284,284,284,284,284,284
7,6,6,6,6,6,6,6,6,6,6,6,6,6,6,5,5,5,3,2,1,1,1,1,1,1,1,1,1,1,0,0,0,0,0,0,0,0,0,0,0,0,0,0,0,0,0,0,0,0,0,0,0,0,0,0,0,0,0,0,0,0,0,0,0,0,0,0,0,0,0,0,0,0,0,0,0,0,0,0,0,0,0,0,0,0,0,0,0,0,0,0,0,0,0,0,0,0,0,0,0,0,0,0,0,0,0,0,0,0,0,0,0,0,0,0,0,0,0,0,0,0,0,0,0,0,0,2,2,4,5,5,9,9,12,19,19,35,45,45,48,73,76,76,77,103,115,116,116,116,126,153,168,169,169,169,170,175,189,205,210,211,211,211,211,211,211,212,213,225,229,250,253,259,259,259,259,259,259,259,259,259,259,259,259,259,259,259,266,266,268,274,276,276,283,284,285,286,286,286
7,6,6,6,6,6,6,6,6,6,6,6,6,6,6,6,5,5,4,3,1,1,1,0,0,0,0,0,0,0,0,0,0,0,0,0,0,0,0,0,0,0,0,0,0,0,0,0,0,0,0,0,0,0,0,0,0,0,0,0,0,0,0,0,0,0,0,0,0,0,0,0,0,0,0,0,0,0,0,0,0,0,0,0,0,0,0,0,0,0,0,0,0,0,0,0,0,0,0,0,0,0,0,0,0,0,0,0,0,0,0,0,0,0,0,0,0,0,0,0,0,0,0,0,0,0,0,0,1,1,5,7,9,9,15,15,17,26,26,31,54,59,59,61,87,99,99,99,100,114,141,146,146,146,146,149,159,175,199,203,204,204,204,204,204,204,205,220,225,246,249,258,258,258,258,258,258,258,258,258,258,264,265,271,271,279,279,280,280,280,280,280,280,280,280,280,280,280,280,280
7,6,6,6,6,6,6,6,6,6,6,6,6,6,6,5,5,3,2,1,1,1,1,0,0,0,0,0,0,0,0,0,0,0,0,0,0,0,0,0,0,0,0,0,0,0,0,0,0,0,0,0,0,0,0,0,0,0,0,0,0,0,0,0,0,0,0,0,0,0,0,0,0,0,0,0,0,0,0,0,0,0,0,0,0,0,0,0,0,0,0,0,0,0,0,0,0,0,0,0,0,0,0,0,0,0,0,0,0,0,0,0,0,0,0,0,0,0,0,0,0,0,0,0,0,0,0,0,0,4,6,7,13,13,14,24,24,34,41,41,44,63,71,71,71,89,117,119,119,119,123,150,165,166,166,166,167,168,180,213,222,223,223,223,223,223,225,225,245,246,257,257,257,257,257,257,257,257,257,257,257,257,267,270,280,280,280,280,280,280,280,280,280,280,280,280,280,280,280,280
7,6,6,6,6,6,6,6,6,6,6,6,6,6,4,4,3,3,1,0,0,0,0,0,0,0,0,0,0,0,0,0,0,0,0,0,0,0,0,0,0,0,0,0,0,0,0,0,0,0,0,0,0,0,0,0,0,0,0,0,0,0,0,0,0,0,0,0,0,0,0,0,0,0,0,0,0,0,0,0,0,0,0,0,0,0,0,0,0,0,0,0,0,0,0,0,0,0,0,0,0,0,0,0,0,0,0,0,0,0,0,0,0,0,0,0,0,0,0,0,0,0,0,0,0,1,1,1,2,2,7,7,16,20,20,31,31,31,56,68,68,68,79,100,100,100,100,103,146,157,157,157,157,157,161,193,207,207,207,207,207,207,207,212,233,250,251,251,251,251,251,251,251,251,251,251,256,258,276,276,277,277,277,277,277,277,277,277,277,277,277,277,277,277,277,277,277,277,277,278
7,6,6,6,6,6,6,6,6,6,6,6,6,6,6,6,5,4,4,3,2,2,1,0,0,0,0,0,0,0,0,0,0,0,0,0,0,0,0,0,0,0,0,0,0,0,0,0,0,0,0,0,0,0,0,0,0,0,0,0,0,0,0,0,0,0,0,0,0,0,0,0,0,0,0,0,0,0,0,0,0,0,0,0,0,0,0,0,0,0,0,0,0,0,0,0,0,0,0,0,0,0,0,0,0,0,0,0,0,0,0,0,0,0,0,0,0,0,0,0,0,0,0,0,0,0,0,1,2,4,6,8,10,12,18,18,23,34,34,37,61,64,64,66,94,105,105,105,107,122,147,151,151,151,151,153,157,182,205,212,212,212,212,212,212,213,213,219,225,249,250,254,254,254,254,254,254,254,254,254,254,254,254,255,255,255,262,263,266,282,282,285,285,285,285,285,285,285,285,285
7,6,6,6,6,6,6,6,6,6,6,6,6,6,6,6,6,4,3,3,1,0,0,0,0,0,0,0,0,0,0,0,0,0,0,0,0,0,0,0,0,0,0,0,0,0,0,0,0,0,0,0,0,0,0,0,0,0,0,0,0,0,0,0,0,0,0,0,0,0,0,0,0,0,0,0,0,0,0,0,0,0,0,0,0,0,0,0,0,0,0,0,0,0,0,0,0,0,0,0,0,0,0,0,0,0,0,0,0,0,0,0,0,0,0,0,0,0,0,0,0,0,0,0,0,0,0,0,0,0,1,3,4,8,9,19,19,22,38,38,38,59,69,70,71,83,115,117,117,117,122,141,164,164,164,164,164,164,175,196,215,215,215,215,215,215,215,215,218,220,240,242,256,257,257,257,257,257,257,257,257,257,257,257,257,257,257,260,260,262,267,267,267,280,281,283,286,286,286,286
7,6,6,6,6,6,6,6,6,6,6,6,6,6,6,6,6,5,4,2,2,0,0,0,0,0,0,0,0,0,0,0,0,0,0,0,0,0,0,0,0,0,0,0,0,0,0,0,0,0,0,0,0,0,0,0,0,0,0,0,0,0,0,0,0,0,0,0,0,0,0,0,0,0,0,0,0,0,0,0,0,0,0,0,0,0,0,0,0,0,0,0,0,0,0,0,0,0,0,0,0,0,0,0,0,0,0,0,0,0,0,0,0,0,0,0,0,0,0,0,0,0,0,0,0,0,0,0,1,1,2,6,8,12,23,23,33,40,40,42,66,69,69,70,89,109,109,109,109,110,141,163,166,166,166,166,166,173,197,221,221,221,221,221,221,221,221,228,229,256,256,258,258,258,258,258,258,258,258,258,258,258,259,266,266,279,280,282,282,282,282,282,282,282,282,282,282,282,282,282
7,6,6,6,6,6,6,6,6,6,6,6,6,5,5,5,5,4,3,1,1,1,1,1,1,1,1,1,1,1,0,0,0,0,0,0,0,0,0,0,0,0,0,0,0,0,0,0,0,0,0,0,0,0,0,0,0,0,0,0,0,0,0,0,0,0,0,0,0,0,0,0,0,0,0,0,0,0,0,0,0,0,0,0,0,0,0,0,0,0,0,0,0,0,0,0,0,0,0,0,0,0,0,0,0,0,0,0,0,0,0,0,0,0,0,0,0,0,0,0,0,0,0,0,0,0,0,0,0,0,1,2,7,8,15,18,18,31,42,42,44,66,70,70,71,81,101,105,105,105,105,122,152,163,165,165,165,165,167,173,192,214,227,229,229,229,229,229,229,229,235,236,254,254,266,266,266,266,266,266,266,266,266,266,266,266,266,266,266,270,270,270,283,283,287,287,287,287,287,287
7,6,6,6,6,6,6,6,6,6,6,6,6,6,6,5,5,3,3,2,2,2,1,0,0,0,0,0,0,0,0,0,0,0,0,0,0,0,0,0,0,0,0,0,0,0,0,0,0,0,0,0,0,0,0,0,0,0,0,0,0,0,0,0,0,0,0,0,0,0,0,0,0,0,0,0,0,0,0,0,0,0,0,0,0,0,0,0,0,0,0,0,0,0,0,0,0,0,0,0,0,0,0,0,0,0,0,0,0,0,0,0,0,0,0,0,0,0,0,0,0,0,0,0,0,2,2,3,5,5,8,8,11,19,19,36,36,36,41,71,71,71,77,112,116,116,116,116,150,162,162,162,162,162,163,186,202,203,203,203,203,203,203,203,204,221,226,254,254,254,254,254,254,254,254,254,254,254,254,254,263,265,282,282,283,283,283,283,283,283,283,283,283,283,283,283,283,283,283,283
7,6,6,6,6,6,6,6,6,6,6,6,6,6,6,6,6,6,4,2,2,2,2,0,0,0,0,0,0,0,0,0,0,0,0,0,0,0,0,0,0,0,0,0,0,0,0,0,0,0,0,0,0,0,0,0,0,0,0,0,0,0,0,0,0,0,0,0,0,0,0,0,0,0,0,0,0,0,0,0,0,0,0,0,0,0,0,0,0,0,0,0,0,0,0,0,0,0,0,0,0,0,0,0,0,0,0,0,0,0,0,0,0,0,0,0,0,0,0,0,0,0,0,0,0,0,0,0,0,2,2,4,7,8,11,16,16,25,34,34,41,68,69,70,76,98,109,109,109,111,126,147,155,155,155,155,155,164,186,208,210,211,211,211,211,212,213,213,235,251,254,254,254,254,254,254,254,254,254,254,255,255,260,260,269,271,281,282,282,282,282,282,282,282,282,282,282,282,282,282
7,6,6,6,6,6,6,6,6,6,6,6,6,6,6,6,6,5,5,3,3,2,1,1,0,0,0,0,0,0,0,0,0,0,0,0,0,0,0,0,0,0,0,0,0,0,0,0,0,0,0,0,0,0,0,0,0,0,0,0,0,0,0,0,0,0,0,0,0,0,0,0,0,0,0,0,0,0,0,0,0,0,0,0,0,0,0,0,0,0,0,0,0,0,0,0,0,0,0,0,0,0,0,0,0,0,0,0,0,0,0,0,0,0,0,0,0,0,0,0,0,0,0,1,1,1,1,1,1,2,3,3,6,6,16,16,18,28,28,31,51,51,51,56,81,82,82,82,83,113,135,135,135,135,135,136,157,191,193,193,193,193,193,193,193,193,197,205,248,251,251,251,251,251,251,251,251,251,251,251,252,253,270,270,279,279,279,279,279,279,279,279,279,279,279,279,279,279,279,279
7,6,6,6,6,6,6,6,6,6,6,6,6,5,5,5,5,3,3,3,2,1,0,0,0,0,0,0,0,0,0,0,0,0,0,0,0,0,0,0,0,0,0,0,0,0,0,0,0,0,0,0,0,0,0,0,0,0,0,0,0,0,0,0,0,0,0,0,0,0,0,0,0,0,0,0,0,0,0,0,0,0,0,0,0,0,0,0,0,0,0,0,0,0,0,0,0,0,0,0,0,0,0,0,0,0,0,0,0,0,0,0,0,0,0,0,0,0,0,0,0,0,0,0,0,0,0,0,1,4,4,6,6,8,11,11,22,32,32,34,56,59,59,64,94,104,106,106,107,115,138,155,155,155,155,155,157,167,200,221,223,223,223,223,223,223,224,227,249,249,258,258,258,258,258,258,258,258,258,258,260,261,273,275,281,281,281,281,281,281,281,281,281,281,281,281,281,281,281,281
7,6,6,6,6,6,6,6,6,6,6,6,6,6,5,4,4,4,2,1,0,0,0,0,0,0,0,0,0,0,0,0,0,0,0,0,0,0,0,0,0,0,0,0,0,0,0,0,0,0,0,0,0,0,0,0,0,0,0,0,0,0,0,0,0,0,0,0,0,0,0,0,0,0,0,0,0,0,0,0,0,0,0,0,0,0,0,0,0,0,0,0,0,0,0,0,0,0,0,0,0,0,0,0,0,0,0,0,0,0,0,0,0,0,0,0,0,0,0,0,0,0,0,0,0,0,0,0,0,1,2,5,6,15,15,21,31,31,33,56,56,56,56,84,101,101,101,101,115,150,155,155,155,155,155,160,192,207,208,208,208,208,208,208,209,214,241,254,254,254,254,254,254,254,254,254,254,254,254,269,270,279,279,279,279,279,279,279,279,279,279,279,279,279,279,279,279,279,279,279
7,6,6,6,6,6,6,6,6,6,6,6,6,6,5,5,4,3,2,1,1,1,0,0,0,0,0,0,0,0,0,0,0,0,0,0,0,0,0,0,0,0,0,0,0,0,0,0,0,0,0,0,0,0,0,0,0,0,0,0,0,0,0,0,0,0,0,0,0,0,0,0,0,0,0,0,0,0,0,0,0,0,0,0,0,0,0,0,0,0,0,0,0,0,0,0,0,0,0,0,0,0,0,0,0,0,0,0,0,0,0,0,0,0,0,0,0,0,0,0,0,0,0,0,0,0,0,0,0,1,5,6,8,8,13,21,21,27,39,39,40,64,75,76,76,80,104,111,114,114,114,119,147,173,174,174,174,174,174,176,184,211,228,230,230,230,230,230,230,230,233,234,251,253,267,267,267,267,267,267,267,267,267,267,267,267,267,267,267,267,269,276,279,279,285,285,287,287,287,287
7,6,6,6,6,6,6,6,6,6,6,6,6,6,6,6,6,4,4,3,1,1,0,0,0,0,0,0,0,0,0,0,0,0,0,0,0,0,0,0,0,0,0,0,0,0,0,0,0,0,0,0,0,0,0,0,0,0,0,0,0,0,0,0,0,0,0,0,0,0,0,0,0,0,0,0,0,0,0,0,0,0,0,0,0,0,0,0,0,0,0,0,0,0,0,0,0,0,0,0,0,0,0,0,0,0,0,0,0,0,0,0,0,0,0,0,0,0,0,0,0,0,0,0,0,0,0,1,1,1,2,2,6,6,9,13,13,22,25,25,26,61,67,67,67,78,111,112,112,112,112,129,165,171,172,172,172,172,173,188,215,228,230,230,230,230,230,231,234,235,258,258,261,261,261,261,261,261,261,261,261,261,264,264,267,269,281,281,283,283,283,283,283,283,283,283,283,283,283,283
7,6,6,6,6,6,6,6,6,6,6,6,5,5,5,5,4,3,3,2,2,1,1,1,1,0,0,0,0,0,0,0,0,0,0,0,0,0,0,0,0,0,0,0,0,0,0,0,0,0,0,0,0,0,0,0,0,0,0,0,0,0,0,0,0,0,0,0,0,0,0,0,0,0,0,0,0,0,0,0,0,0,0,0,0,0,0,0,0,0,0,0,0,0,0,0,0,0,0,0,0,0,0,0,0,0,0,0,0,0,0,0,0,0,0,0,0,0,0,0,0,0,0,0,0,0,1,1,2,3,4,4,5,7,7,13,13,17,38,40,40,57,75,75,75,79,108,119,119,119,119,123,160,171,171,171,171,171,174,192,212,219,220,220,220,220,220,220,220,224,225,249,252,263,263,263,263,263,263,263,263,263,263,263,263,263,263,267,268,271,283,283,284,284,284,284,284,284,284,284
7,6,6,6,6,6,6,6,6,6,6,6,6,6,5,5,4,4,4,3,2,1,1,1,1,1,1,0,0,0,0,0,0,0,0,0,0,0,0,0,0,0,0,0,0,0,0,0,0,0,0,0,0,0,0,0,0,0,0,0,0,0,0,0,0,0,0,0,0,0,0,0,0,0,0,0,0,0,0,0,0,0,0,0,0,0,0,0,0,0,0,0,0,0,0,0,0,0,0,0,0,0,0,0,0,0,0,0,0,0,0,0,0,0,0,0,0,0,0,0,0,0,0,0,0,0,0,0,0,0,5,5,8,8,13,13,15,34,34,35,50,66,66,67,73,105,114,114,114,118,142,163,167,167,167,167,175,192,209,211,211,211,211,211,212,213,215,232,236,253,253,253,253,253,253,253,253,253,253,254,255,263,264,277,277,281,281,281,281,281,281,281,281,281,281,281,281,281,281,281
7,6,6,6,6,6,6,6,6,6,6,6,6,6,6,5,5,5,4,3,3,2,1,1,1,0,0,0,0,0,0,0,0,0,0,0,0,0,0,0,0,0,0,0,0,0,0,0,0,0,0,0,0,0,0,0,0,0,0,0,0,0,0,0,0,0,0,0,0,0,0,0,0,0,0,0,0,0,0,0,0,0,0,0,0,0,0,0,0,0,0,0,0,0,0,0,0,0,0,0,0,0,0,0,0,0,0,0,0,0,0,0,0,0,0,0,0,0,0,0,0,0,0,0,0,0,0,0,0,1,1,3,4,6,6,13,14,14,30,31,31,43,69,70,70,76,96,112,112,112,112,119,144,167,170,170,170,170,170,175,187,210,223,223,223,223,223,223,223,223,225,226,248,250,265,265,266,266,266,266,266,266,266,266,266,266,266,266,272,272,280,280,283,283,284,284,284,284,284,284
7,6,6,6,6,6,6,6,6,6,6,6,6,6,6,6,4,3,2,2,1,0,0,0,0,0,0,0,0,0,0,0,0,0,0,0,0,0,0,0,0,0,0,0,0,0,0,0,0,0,0,0,0,0,0,0,0,0,0,0,0,0,0,0,0,0,0,0,0,0,0,0,0,0,0,0,0,0,0,0,0,0,0,0,0,0,0,0,0,0,0,0,0,0,0,0,0,0,0,0,0,0,0,0,0,0,0,0,0,0,0,0,0,0,0,0,0,0,0,0,0,0,0,0,0,0,0,1,1,1,3,6,6,14,20,21,29,31,32,48,53,53,53,71,94,95,95,95,103,140,147,147,147,147,149,161,190,196,196,196,196,196,196,197,198,208,231,247,248,248,248,248,248,248,248,248,248,248,248,249,265,265,276,276,279,279,279,279,279,279,279,279,279,279,279,279,279,279,279,279
7,6,6,6,6,6,6,6,6,6,6,6,5,5,5,4,4,2,0,0,0,0,0,0,0,0,0,0,0,0,0,0,0,0,0,0,0,0,0,0,0,0,0,0,0,0,0,0,0,0,0,0,0,0,0,0,0,0,0,0,0,0,0,0,0,0,0,0,0,0,0,0,0,0,0,0,0,0,0,0,0,0,0,0,0,0,0,0,0,0,0,0,0,0,0,0,0,0,0,0,0,0,0,0,0,0,0,0,0,0,0,0,0,0,0,0,0,0,0,0,0,0,0,0,0,0,2,2,2,2,2,6,6,13,19,20,25,35,35,37,66,71,71,72,90,113,113,113,113,114,143,160,168,168,168,168,170,177,205,225,225,225,225,225,225,225,226,240,244,256,256,256,256,256,256,256,256,256,256,256,256,257,259,276,276,281,281,281,281,281,281,281,281,281,281,281,281,281,281,281
7,6,6,6,6,6,6,6,6,6,6,6,6,6,6,5,5,5,3,3,3,3,1,0,0,0,0,0,0,0,0,0,0,0,0,0,0,0,0,0,0,0,0,0,0,0,0,0,0,0,0,0,0,0,0,0,0,0,0,0,0,0,0,0,0,0,0,0,0,0,0,0,0,0,0,0,0,0,0,0,0,0,0,0,0,0,0,0,0,0,0,0,0,0,0,0,0,0,0,0,0,0,0,0,0,0,0,0,0,0,0,0,0,0,0,0,0,0,0,0,0,0,0,0,0,0,0,0,2,2,2,3,7,8,10,15,15,23,31,31,33,54,59,59,60,83,109,111,111,111,118,147,163,163,163,163,163,166,174,203,217,217,217,217,217,217,217,218,233,243,257,257,257,257,257,257,257,257,257,257,258,258,265,268,277,278,281,281,281,281,281,281,281,281,281,281,281,281,281,281
7,6,6,6,6,6,6,6,6,6,6,6,6,6,6,6,6,5,3,2,1,0,0,0,0,0,0,0,0,0,0,0,0,0,0,0,0,0,0,0,0,0,0,0,0,0,0,0,0,0,0,0,0,0,0,0,0,0,0,0,0,0,0,0,0,0,0,0,0,0,0,0,0,0,0,0,0,0,0,0,0,0,0,0,0,0,0,0,0,0,0,0,0,0,0,0,0,0,0,0,0,0,0,0,0,0,0,0,0,0,0,0,0,0,0,0,0,0,0,0,0,0,0,0,0,0,0,1,1,3,5,6,9,11,14,22,22,31,42,42,53,75,75,75,79,104,107,107,107,110,135,156,157,157,157,157,160,178,202,205,205,205,205,205,205,205,205,222,230,256,256,256,256,256,256,256,256,256,256,256,261,263,277,278,278,278,278,278,278,278,278,278,278,278,278,278,278,278,278,278
7,6,6,6,6,6,6,6,6,6,6,6,6,5,5,4,2,1,1,1,1,0,0,0,0,0,0,0,0,0,0,0,0,0,0,0,0,0,0,0,0,0,0,0,0,0,0,0,0,0,0,0,0,0,0,0,0,0,0,0,0,0,0,0,0,0,0,0,0,0,0,0,0,0,0,0,0,0,0,0,0,0,0,0,0,0,0,0,0,0,0,0,0,0,0,0,0,0,0,0,0,0,0,0,0,0,0,0,0,0,0,0,0,0,0,0,0,0,0,0,0,0,0,0,0,0,0,1,4,4,4,5,9,9,20,21,29,44,44,48,66,68,68,69,98,105,105,105,105,119,148,157,157,157,157,159,166,192,208,209,209,209,209,209,209,210,214,239,245,252,252,252,252,252,252,252,252,252,252,252,252,255,259,272,273,280,280,280,280,280,280,280,280,280,280,280,280,280,280,280
7,6,6,6,6,6,6,6,6,6,6,6,6,6,6,6,5,4,4,3,1,1,1,1,1,1,1,0,0,0,0,0,0,0,0,0,0,0,0,0,0,0,0,0,0,0,0,0,0,0,0,0,0,0,0,0,0,0,0,0,0,0,0,0,0,0,0,0,0,0,0,0,0,0,0,0,0,0,0,0,0,0,0,0,0,0,0,0,0,0,0,0,0,0,0,0,0,0,0,0,0,0,0,0,0,0,0,0,0,0,0,0,0,0,0,0,0,0,0,0,0,0,0,0,0,0,0,0,0,1,3,5,6,13,13,25,36,36,40,59,60,60,64,98,104,104,104,106,134,154,162,162,162,162,164,185,204,210,210,210,210,210,210,210,221,237,250,253,253,253,253,253,253,253,253,253,253,258,259,274,274,275,275,275,275,275,275,275,275,275,275,275,275,275,275,275,275,275,275,275
7,6,6,6,6,6,6,6,6,6,6,6,6,6,5,4,2,2,2,1,0,0,0,0,0,0,0,0,0,0,0,0,0,0,0,0,0,0,0,0,0,0,0,0,0,0,0,0,0,0,0,0,0,0,0,0,0,0,0,0,0,0,0,0,0,0,0,0,0,0,0,0,0,0,0,0,0,0,0,0,0,0,0,0,0,0,0,0,0,0,0,0,0,0,0,0,0,0,0,0,0,0,0,0,0,0,0,0,0,0,0,0,0,0,0,0,0,0,0,0,0,0,0,0,0,0,0,2,4,4,7,7,14,14,19,30,30,38,56,56,56,69,92,93,93,94,122,141,141,141,141,143,161,183,187,187,187,187,187,187,192,215,233,233,233,233,233,233,233,233,233,233,233,238,240,260,263,269,269,269,269,269,269,269,269,269,269,269,269,269,269,269,269,269,269,269,269,269,269,269
7,6,6,6,6,6,6,6,6,6,6,6,6,6,6,5,5,5,5,4,3,3,1,1,1,1,1,1,1,1,1,1,0,0,0,0,0,0,0,0,0,0,0,0,0,0,0,0,0,0,0,0,0,0,0,0,0,0,0,0,0,0,0,0,0,0,0,0,0,0,0,0,0,0,0,0,0,0,0,0,0,0,0,0,0,0,0,0,0,0,0,0,0,0,0,0,0,0,0,0,0,0,0,0,0,0,0,0,0,0,0,0,0,0,0,0,0,0,0,0,0,0,0,0,0,0,0,0,0,0,1,1,5,5,13,13,16,31,31,31,49,64,64,64,68,100,109,109,109,109,118,152,167,167,167,167,167,168,183,207,213,213,213,213,213,213,213,213,213,221,224,249,253,262,262,262,262,262,262,262,262,262,262,262,262,262,262,262,263,264,265,277,278,281,286,286,286,286,286,286
7,6,6,6,6,6,6,6,6,6,6,6,6,6,6,5,4,2,2,1,1,1,1,1,1,1,1,1,0,0,0,0,0,0,0,0,0,0,0,0,0,0,0,0,0,0,0,0,0,0,0,0,0,0,0,0,0,0,0,0,0,0,0,0,0,0,0,0,0,0,0,0,0,0,0,0,0,0,0,0,0,0,0,0,0,0,0,0,0,0,0,0,0,0,0,0,0,0,0,0,0,0,0,0,0,0,0,0,0,0,0,0,0,0,0,0,0,0,0,0,0,0,0,0,0,0,0,0,0,1,1,4,4,5,10,10,24,27,27,39,54,56,56,69,86,89,89,89,95,125,148,151,151,151,152,156,168,194,203,203,203,203,203,203,204,211,227,236,251,251,251,251,251,251,251,251,251,251,251,255,256,271,271,279,280,280,280,280,280,280,280,280,280,280,280,280,280,280,280,280
7,6,6,6,6,6,6,6,6,6,6,6,6,5,2,2,2,1,1,0,0,0,0,0,0,0,0,0,0,0,0,0,0,0,0,0,0,0,0,0,0,0,0,0,0,0,0,0,0,0,0,0,0,0,0,0,0,0,0,0,0,0,0,0,0,0,0,0,0,0,0,0,0,0,0,0,0,0,0,0,0,0,0,0,0,0,0,0,0,0,0,0,0,0,0,0,0,0,0,0,0,0,0,0,0,0,0,0,0,0,0,0,0,0,0,0,0,0,0,0,0,0,0,0,0,0,1,2,3,4,4,11,11,15,16,16,30,30,30,45,53,53,53,61,94,102,102,102,102,124,146,155,155,155,155,155,158,177,206,213,213,213,213,213,213,213,214,214,231,236,259,261,262,262,262,262,262,262,262,262,263,263,268,268,283,283,284,284,284,284,284,284,284,284,284,284,284,284,284,284
7,6,6,6,6,6,6,6,6,6,6,6,5,5,5,4,2,2,2,2,1,1,0,0,0,0,0,0,0,0,0,0,0,0,0,0,0,0,0,0,0,0,0,0,0,0,0,0,0,0,0,0,0,0,0,0,0,0,0,0,0,0,0,0,0,0,0,0,0,0,0,0,0,0,0,0,0,0,0,0,0,0,0,0,0,0,0,0,0,0,0,0,0,0,0,0,0,0,0,0,0,0,0,0,0,0,0,0,0,0,0,0,0,0,0,0,0,0,0,0,0,0,0,0,0,0,0,0,0,0,2,2,6,6,11,11,11,29,29,29,46,62,62,62,63,95,108,108,108,108,115,141,159,160,160,160,160,161,165,187,214,220,220,220,220,220,220,220,220,222,222,246,253,269,269,269,269,269,269,269,269,269,269,276,277,282,283,284,284,284,284,284,284,284,284,284,284,284,284,284
7,6,6,6,6,6,6,6,6,6,6,6,6,5,3,2,1,1,1,0,0,0,0,0,0,0,0,0,0,0,0,0,0,0,0,0,0,0,0,0,0,0,0,0,0,0,0,0,0,0,0,0,0,0,0,0,0,0,0,0,0,0,0,0,0,0,0,0,0,0,0,0,0,0,0,0,0,0,0,0,0,0,0,0,0,0,0,0,0,0,0,0,0,0,0,0,0,0,0,0,0,0,0,0,0,0,0,0,0,0,0,0,0,0,0,0,0,0,0,0,0,0,0,0,0,1,1,1,1,2,3,3,4,10,10,17,22,22,33,51,51,51,60,96,96,96,96,101,135,146,146,146,146,146,154,196,202,202,202,202,202,202,202,207,229,240,240,240,240,240,240,240,240,240,240,240,240,242,242,260,263,278,279,279,279,279,279,279,279,279,279,279,279,279,279,279,279,279,279,279
7,6,6,6,6,6,6,6,6,6,6,6,4,3,2,2,1,1,1,1,1,1,1,1,1,1,0,0,0,0,0,0,0,0,0,0,0,0,0,0,0,0,0,0,0,0,0,0,0,0,0,0,0,0,0,0,0,0,0,0,0,0,0,0,0,0,0,0,0,0,0,0,0,0,0,0,0,0,0,0,0,0,0,0,0,0,0,0,0,0,0,0,0,0,0,0,0,0,0,0,0,0,0,0,0,0,0,0,0,0,0,0,0,0,0,0,0,0,0,0,0,0,0,0,0,1,2,2,3,4,6,7,16,16,23,34,34,40,59,60,60,68,97,103,104,104,104,124,155,160,160,160,160,162,181,207,209,209,209,209,209,209,209,218,225,251,253,253,253,253,253,253,253,253,253,253,260,264,277,277,277,277,277,277,277,277,277,277,277,277,277,277,277,277,277,277,277,277,277,277
7,6,6,6,6,6,6,6,6,6,6,6,6,6,6,5,5,3,3,3,1,1,1,1,1,1,1,1,1,0,0,0,0,0,0,0,0,0,0,0,0,0,0,0,0,0,0,0,0,0,0,0,0,0,0,0,0,0,0,0,0,0,0,0,0,0,0,0,0,0,0,0,0,0,0,0,0,0,0,0,0,0,0,0,0,0,0,0,0,0,0,0,0,0,0,0,0,0,0,0,0,0,0,0,0,0,0,0,0,0,0,0,0,0,0,0,0,0,0,0,0,0,0,0,0,0,0,0,0,1,2,5,8,10,11,20,20,20,39,39,39,56,79,79,79,82,111,119,119,119,119,126,159,176,176,176,176,176,176,189,213,220,220,220,220,220,220,220,220,220,220,243,244,263,263,263,263,263,263,263,263,263,263,263,263,263,263,264,264,265,276,279,281,285,285,285,285,285,285,285
7,6,6,6,6,6,6,6,6,6,6,6,6,6,6,6,6,5,2,1,1,0,0,0,0,0,0,0,0,0,0,0,0,0,0,0,0,0,0,0,0,0,0,0,0,0,0,0,0,0,0,0,0,0,0,0,0,0,0,0,0,0,0,0,0,0,0,0,0,0,0,0,0,0,0,0,0,0,0,0,0,0,0,0,0,0,0,0,0,0,0,0,0,0,0,0,0,0,0,0,0,0,0,0,0,0,0,0,0,0,0,0,0,0,0,0,0,0,0,0,0,0,0,0,0,0,0,0,0,1,1,3,3,15,17,17,28,28,28,43,62,62,62,63,89,104,104,104,104,107,138,167,170,170,170,170,170,175,203,221,222,222,222,222,222,222,222,228,233,256,260,261,261,261,261,261,261,261,261,261,261,262,262,271,272,283,283,283,283,283,283,283,283,283,283,283,283,283,283,283
7,6,6,6,6,6,6,6,6,6,6,6,6,6,6,6,6,4,1,1,1,1,1,1,1,0,0,0,0,0,0,0,0,0,0,0,0,0,0,0,0,0,0,0,0,0,0,0,0,0,0,0,0,0,0,0,0,0,0,0,0,0,0,0,0,0,0,0,0,0,0,0,0,0,0,0,0,0,0,0,0,0,0,0,0,0,0,0,0,0,0,0,0,0,0,0,0,0,0,0,0,0,0,0,0,0,0,0,0,0,0,0,0,0,0,0,0,0,0,0,0,0,0,0,0,0,0,0,0,0,0,1,1,5,5,16,18,19,43,45,45,60,77,77,77,80,119,122,122,122,123,136,174,176,176,176,176,176,189,211,215,215,215,215,215,215,215,217,220,245,250,257,257,257,257,257,257,257,257,257,257,257,257,258,258,259,278,278,281,281,281,281,281,281,281,281,281,281,281,281
7,6,6,6,6,6,6,6,6,6,6,6,6,6,6,5,4,3,3,3,2,2,1,0,0,0,0,0,0,0,0,0,0,0,0,0,0,0,0,0,0,0,0,0,0,0,0,0,0,0,0,0,0,0,0,0,0,0,0,0,0,0,0,0,0,0,0,0,0,0,0,0,0,0,0,0,0,0,0,0,0,0,0,0,0,0,0,0,0,0,0,0,0,0,0,0,0,0,0,0,0,0,0,0,0,0,0,0,0,0,0,0,0,0,0,0,0,0,0,0,0,0,0,0,0,0,0,0,0,0,1,2,7,7,9,11,11,25,33,33,43,62,62,62,74,96,96,96,96,103,141,144,144,144,144,144,148,179,204,205,205,205,205,205,205,208,220,233,249,249,249,249,249,249,249,249,249,249,249,249,261,264,278,278,278,278,278,278,278,278,278,278,278,278,278,278,278,278,278,278
7,6,6,6,6,6,6,6,6,6,6,6,6,5,5,5,4,3,3,1,1,1,1,0,0,0,0,0,0,0,0,0,0,0,0,0,0,0,0,0,0,0,0,0,0,0,0,0,0,0,0,0,0,0,0,0,0,0,0,0,0,0,0,0,0,0,0,0,0,0,0,0,0,0,0,0,0,0,0,0,0,0,0,0,0,0,0,0,0,0,0,0,0,0,0,0,0,0,0,0,0,0,0,0,0,0,0,0,0,0,0,0,0,0,0,0,0,0,0,0,0,0,0,0,0,0,0,0,2,2,2,5,5,6,6,11,11,13,30,31,31,56,67,67,67,77,110,115,115,115,120,144,168,169,169,169,170,175,194,213,215,215,215,215,215,216,216,228,234,251,251,251,251,251,251,251,251,251,251,251,251,252,253,254,268,269,279,281,282,282,282,282,282,282,282,282,282,282,282,282
7,6,6,6,6,6,6,6,6,6,6,6,6,5,5,4,3,3,2,1,1,1,1,1,1,0,0,0,0,0,0,0,0,0,0,0,0,0,0,0,0,0,0,0,0,0,0,0,0,0,0,0,0,0,0,0,0,0,0,0,0,0,0,0,0,0,0,0,0,0,0,0,0,0,0,0,0,0,0,0,0,0,0,0,0,0,0,0,0,0,0,0,0,0,0,0,0,0,0,0,0,0,0,0,0,0,0,0,0,0,0,0,0,0,0,0,0,0,0,0,0,0,0,0,0,0,0,1,2,2,2,9,9,21,21,24,34,35,37,52,63,63,64,78,106,109,109,109,116,132,148,151,151,151,151,151,161,185,204,210,210,210,210,210,210,210,210,219,220,236,239,259,259,260,260,260,260,260,260,260,260,260,260,262,262,262,267,267,267,281,282,284,284,286,286,286,286,286,286,286
7,6,6,6,6,6,6,6,6,6,6,6,6,6,6,6,6,5,4,2,2,2,1,1,1,1,1,0,0,0,0,0,0,0,0,0,0,0,0,0,0,0,0,0,0,0,0,0,0,0,0,0,0,0,0,0,0,0,0,0,0,0,0,0,0,0,0,0,0,0,0,0,0,0,0,0,0,0,0,0,0,0,0,0,0,0,0,0,0,0,0,0,0,0,0,0,0,0,0,0,0,0,0,0,0,0,0,0,0,0,0,0,0,0,0,0,0,0,0,0,0,0,0,0,0,0,0,0,0,0,1,2,6,6,14,17,17,30,31,31,50,62,62,62,79,103,104,104,104,114,149,151,151,151,151,151,166,196,205,205,205,205,205,205,205,215,232,246,247,247,247,247,247,247,247,247,247,248,248,257,259,276,276,277,277,277,277,277,277,277,277,277,277,277,277,277,277,277,277,277
7,6,6,6,6,6,6,6,6,6,5,5,5,4,3,3,2,2,1,1,0,0,0,0,0,0,0,0,0,0,0,0,0,0,0,0,0,0,0,0,0,0,0,0,0,0,0,0,0,0,0,0,0,0,0,0,0,0,0,0,0,0,0,0,0,0,0,0,0,0,0,0,0,0,0,0,0,0,0,0,0,0,0,0,0,0,0,0,0,0,0,0,0,0,0,0,0,0,0,0,0,0,0,0,0,0,0,0,0,0,0,0,0,0,0,0,0,0,0,0,0,0,0,0,1,1,1,1,1,8,8,12,13,13,22,23,23,41,44,44,44,60,85,89,89,89,91,120,150,155,155,155,155,159,177,204,211,211,211,211,211,211,211,221,241,249,251,251,251,251,251,251,251,251,251,253,254,266,267,276,276,277,277,277,277,277,277,277,277,277,277,277,277,277,277,277,277,277,277,277
7,6,6,6,6,6,6,6,6,6,6,6,6,6,6,5,4,4,3,2,2,1,1,0,0,0,0,0,0,0,0,0,0,0,0,0,0,0,0,0,0,0,0,0,0,0,0,0,0,0,0,0,0,0,0,0,0,0,0,0,0,0,0,0,0,0,0,0,0,0,0,0,0,0,0,0,0,0,0,0,0,0,0,0,0,0,0,0,0,0,0,0,0,0,0,0,0,0,0,0,0,0,0,0,0,0,0,0,0,0,0,0,0,0,0,0,0,0,0,0,0,0,0,0,0,0,0,0,0,3,4,4,8,9,13,14,14,21,23,23,27,58,61,61,62,86,106,106,106,106,115,159,167,167,167,167,167,177,207,211,211,211,211,211,211,211,211,215,220,247,248,249,249,249,249,249,249,249,249,249,249,249,249,249,249,249,264,266,269,283,283,284,284,284,284,284,284,284,284,284
7,6,6,6,6,6,6,6,6,6,6,6,6,6,6,5,4,4,3,2,2,0,0,0,0,0,0,0,0,0,0,0,0,0,0,0,0,0,0,0,0,0,0,0,0,0,0,0,0,0,0,0,0,0,0,0,0,0,0,0,0,0,0,0,0,0,0,0,0,0,0,0,0,0,0,0,0,0,0,0,0,0,0,0,0,0,0,0,0,0,0,0,0,0,0,0,0,0,0,0,0,0,0,0,0,0,0,0,0,0,0,0,0,0,0,0,0,0,0,0,0,0,0,0,0,0,0,2,2,2,7,7,11,11,13,23,23,31,45,45,45,70,79,79,79,90,116,120,120,120,121,124,169,176,176,176,176,176,176,190,216,224,224,224,224,224,224,224,224,224,224,248,252,265,265,265,265,265,265,265,265,265,265,265,265,266,266,270,270,272,285,285,285,285,285,285,285,285,285,285
7,6,6,6,6,6,6,6,6,6,6,6,6,6,6,6,4,3,2,2,1,1,1,0,0,0,0,0,0,0,0,0,0,0,0,0,0,0,0,0,0,0,0,0,0,0,0,0,0,0,0,0,0,0,0,0,0,0,0,0,0,0,0,0,0,0,0,0,0,0,0,0,0,0,0,0,0,0,0,0,0,0,0,0,0,0,0,0,0,0,0,0,0,0,0,0,0,0,0,0,0,0,0,0,0,0,0,0,0,0,0,0,0,0,0,0,0,0,0,0,0,0,0,0,0,0,0,0,0,0,0,3,3,13,13,19,28,28,37,56,56,56,75,93,93,93,93,106,126,126,126,126,126,130,152,185,188,188,188,188,188,188,190,200,232,246,246,246,246,246,246,246,246,246,246,255,259,273,273,273,273,273,273,273,273,273,273,273,273,273,273,273,273,273,273,275,277,279,286,287
7,6,6,6,6,6,6,6,6,6,6,6,4,4,4,2,2,2,2,0,0,0,0,0,0,0,0,0,0,0,0,0,0,0,0,0,0,0,0,0,0,0,0,0,0,0,0,0,0,0,0,0,0,0,0,0,0,0,0,0,0,0,0,0,0,0,0,0,0,0,0,0,0,0,0,0,0,0,0,0,0,0,0,0,0,0,0,0,0,0,0,0,0,0,0,0,0,0,0,0,0,0,0,0,0,0,0,0,0,0,0,0,0,0,0,0,0,0,0,0,0,0,0,0,0,0,0,0,2,4,9,10,17,22,24,39,41,42,54,64,65,67,87,101,101,101,102,124,147,152,152,152,152,159,180,202,207,207,207,207,207,208,225,239,244,244,244,244,244,244,244,244,244,246,247,266,266,271,271,271,271,271,271,271,271,271,271,271,271,271,271,271,271,271,271,271,271,271,271,271
7,6,6,6,6,6,6,6,6,6,6,6,6,5,5,5,3,2,0,0,0,0,0,0,0,0,0,0,0,0,0,0,0,0,0,0,0,0,0,0,0,0,0,0,0,0,0,0,0,0,0,0,0,0,0,0,0,0,0,0,0,0,0,0,0,0,0,0,0,0,0,0,0,0,0,0,0,0,0,0,0,0,0,0,0,0,0,0,0,0,0,0,0,0,0,0,0,0,0,0,0,0,0,0,0,0,0,0,0,0,0,0,0,0,0,0,0,0,0,0,0,0,0,0,0,0,0,0,0,0,1,4,4,13,13,15,34,34,34,49,64,64,64,67,106,118,118,118,118,124,162,169,169,169,169,169,169,188,218,221,221,221,221,221,221,221,226,226,253,254,258,258,258,258,258,258,258,258,258,258,258,258,262,264,276,278,282,282,282,282,282,282,282,282,282,282,282,282,282,282
7,6,6,6,6,6,6,6,6,6,6,6,4,4,3,2,1,1,1,1,1,1,1,1,1,1,1,1,1,1,1,0,0,0,0,0,0,0,0,0,0,0,0,0,0,0,0,0,0,0,0,0,0,0,0,0,0,0,0,0,0,0,0,0,0,0,0,0,0,0,0,0,0,0,0,0,0,0,0,0,0,0,0,0,0,0,0,0,0,0,0,0,0,0,0,0,0,0,0,0,0,0,0,0,0,0,0,0,0,0,0,0,0,0,0,0,0,0,0,0,0,0,0,0,0,0,1,1,3,3,4,7,8,15,15,20,33,33,34,51,63,63,63,74,105,114,114,114,114,132,166,167,167,167,167,168,174,195,216,219,219,219,219,219,219,219,224,224,243,244,261,262,263,263,263,263,263,263,263,263,265,265,273,274,281,281,282,282,282,282,282,282,282,282,282,282,282,282,282,282
7,6,6,6,6,6,6,6,6,6,6,6,6,6,6,4,4,4,3,2,1,0,0,0,0,0,0,0,0,0,0,0,0,0,0,0,0,0,0,0,0,0,0,0,0,0,0,0,0,0,0,0,0,0,0,0,0,0,0,0,0,0,0,0,0,0,0,0,0,0,0,0,0,0,0,0,0,0,0,0,0,0,0,0,0,0,0,0,0,0,0,0,0,0,0,0,0,0,0,0,0,0,0,0,0,0,0,0,0,0,0,0,0,0,0,0,0,0,0,0,0,0,0,0,0,0,0,0,0,0,2,2,6,6,10,18,18,33,34,34,43,65,65,65,72,102,110,110,110,115,136,155,158,158,158,158,159,178,205,209,210,210,210,210,211,213,220,224,249,253,253,253,253,253,253,253,253,253,253,256,258,269,271,278,279,279,279,279,279,279,279,279,279,279,279,279,279,279,279,279
7,6,6,6,6,6,6,6,6,6,6,6,6,5,4,4,4,3,2,2,2,0,0,0,0,0,0,0,0,0,0,0,0,0,0,0,0,0,0,0,0,0,0,0,0,0,0,0,0,0,0,0,0,0,0,0,0,0,0,0,0,0,0,0,0,0,0,0,0,0,0,0,0,0,0,0,0,0,0,0,0,0,0,0,0,0,0,0,0,0,0,0,0,0,0,0,0,0,0,0,0,0,0,0,0,0,0,0,0,0,0,0,0,0,0,0,0,0,0,0,0,0,0,0,0,0,0,0,0,0,3,3,9,11,11,23,27,27,38,55,57,57,66,99,107,108,108,109,120,150,159,159,159,159,159,165,188,206,211,211,211,211,211,211,211,213,214,238,242,262,262,262,262,262,262,262,262,262,262,270,273,278,278,279,279,279,279,279,279,279,279,279,279,279,279,279,279,279,279,279
7,6,6,6,6,6,6,6,6,6,6,6,6,6,6,5,3,1,1,0,0,0,0,0,0,0,0,0,0,0,0,0,0,0,0,0,0,0,0,0,0,0,0,0,0,0,0,0,0,0,0,0,0,0,0,0,0,0,0,0,0,0,0,0,0,0,0,0,0,0,0,0,0,0,0,0,0,0,0,0,0,0,0,0,0,0,0,0,0,0,0,0,0,0,0,0,0,0,0,0,0,0,0,0,0,0,0,0,0,0,0,0,0,0,0,0,0,0,0,0,0,0,0,0,0,0,0,1,1,3,3,8,9,9,17,19,19,28,49,50,50,52,81,99,102,102,104,115,139,150,152,152,152,153,156,174,202,212,213,213,213,213,213,213,217,219,236,239,256,256,257,257,257,257,257,257,257,257,257,258,262,262,272,273,280,280,281,281,281,281,281,281,281,281,281,281,281,281,281,281
7,6,6,6,6,6,6,6,6,6,6,6,6,6,5,3,2,2,1,1,1,0,0,0,0,0,0,0,0,0,0,0,0,0,0,0,0,0,0,0,0,0,0,0,0,0,0,0,0,0,0,0,0,0,0,0,0,0,0,0,0,0,0,0,0,0,0,0,0,0,0,0,0,0,0,0,0,0,0,0,0,0,0,0,0,0,0,0,0,0,0,0,0,0,0,0,0,0,0,0,0,0,0,0,0,0,0,0,0,0,0,0,0,0,0,0,0,0,0,0,0,0,0,0,0,0,1,1,2,2,6,7,19,19,24,40,40,40,62,63,63,63,94,104,105,105,105,122,154,158,158,158,158,158,174,208,211,211,211,211,211,211,211,228,248,248,248,248,248,248,248,248,248,248,248,249,249,268,268,274,274,274,274,274,274,274,274,274,274,274,274,274,274,274,274,274,274,274,274,274
7,6,6,6,6,6,6,6,6,6,6,6,6,6,6,6,5,5,3,3,2,2,2,2,1,1,1,0,0,0,0,0,0,0,0,0,0,0,0,0,0,0,0,0,0,0,0,0,0,0,0,0,0,0,0,0,0,0,0,0,0,0,0,0,0,0,0,0,0,0,0,0,0,0,0,0,0,0,0,0,0,0,0,0,0,0,0,0,0,0,0,0,0,0,0,0,0,0,0,0,0,0,0,0,0,0,0,0,0,0,0,0,0,0,0,0,0,0,0,0,0,0,0,0,0,0,0,1,1,2,2,4,5,10,10,16,18,18,31,35,35,41,60,64,64,66,86,109,109,109,109,109,125,161,169,169,169,169,169,172,181,210,221,221,221,221,221,221,221,222,222,228,232,253,254,261,261,261,261,261,261,261,261,261,261,261,261,261,261,261,261,264,264,264,269,269,271,278,279,279
7,6,6,6,6,6,6,6,6,6,6,6,6,6,5,5,5,2,2,1,0,0,0,0,0,0,0,0,0,0,0,0,0,0,0,0,0,0,0,0,0,0,0,0,0,0,0,0,0,0,0,0,0,0,0,0,0,0,0,0,0,0,0,0,0,0,0,0,0,0,0,0,0,0,0,0,0,0,0,0,0,0,0,0,0,0,0,0,0,0,0,0,0,0,0,0,0,0,0,0,0,0,0,0,0,0,0,0,0,0,0,0,0,0,0,0,0,0,0,0,0,0,0,0,0,0,0,0,2,2,2,2,4,4,19,19,19,35,36,36,61,73,73,73,95,108,109,109,109,112,145,154,154,154,154,154,155,169,199,218,218,218,218,218,218,218,220,221,244,252,256,256,256,256,256,256,256,256,256,256,256,256,260,261,265,282,282,282,282,282,282,282,282,282,282,282,282,282,282,282
7,6,6,6,6,6,6,6,6,6,6,6,5,5,4,4,3,0,0,0,0,0,0,0,0,0,0,0,0,0,0,0,0,0,0,0,0,0,0,0,0,0,0,0,0,0,0,0,0,0,0,0,0,0,0,0,0,0,0,0,0,0,0,0,0,0,0,0,0,0,0,0,0,0,0,0,0,0,0,0,0,0,0,0,0,0,0,0,0,0,0,0,0,0,0,0,0,0,0,0,0,0,0,0,0,0,0,0,0,0,0,0,0,0,0,0,0,0,0,0,0,0,0,0,1,1,3,6,6,10,10,17,17,20,35,35,35,58,64,64,64,77,110,110,110,110,126,156,159,159,159,159,161,175,199,206,206,206,206,206,206,207,215,232,250,252,252,252,252,252,252,252,252,252,252,252,265,267,277,277,277,277,277,277,277,277,277,277,277,277,277,277,277,277,277,277,277,277,277,277
7,6,6,6,6,6,6,6,6,6,6,6,6,6,6,3,3,3,2,1,1,1,1,1,1,1,1,1,1,1,0,0,0,0,0,0,0,0,0,0,0,0,0,0,0,0,0,0,0,0,0,0,0,0,0,0,0,0,0,0,0,0,0,0,0,0,0,0,0,0,0,0,0,0,0,0,0,0,0,0,0,0,0,0,0,0,0,0,0,0,0,0,0,0,0,0,0,0,0,0,0,0,0,0,0,0,0,0,0,0,0,0,0,0,0,0,0,0,0,0,0,0,0,0,0,0,0,0,1,2,3,6,8,8,14,14,24,31,31,34,49,53,53,55,77,99,99,99,99,102,125,148,153,153,153,153,155,164,188,204,216,217,217,217,217,217,217,218,222,255,256,261,261,261,261,261,261,261,261,261,261,267,268,280,280,281,281,281,281,281,281,281,281,281,281,281,281,281,281,281
7,6,6,6,6,6,6,6,6,6,6,6,6,5,4,3,3,2,1,1,1,1,1,1,0,0,0,0,0,0,0,0,0,0,0,0,0,0,0,0,0,0,0,0,0,0,0,0,0,0,0,0,0,0,0,0,0,0,0,0,0,0,0,0,0,0,0,0,0,0,0,0,0,0,0,0,0,0,0,0,0,0,0,0,0,0,0,0,0,0,0,0,0,0,0,0,0,0,0,0,0,0,0,0,0,0,0,0,0,0,0,0,0,0,0,0,0,0,0,0,0,0,0,0,0,1,1,1,2,3,4,5,10,19,19,24,38,38,42,69,70,70,71,90,110,110,110,110,114,135,159,164,164,164,164,164,171,187,217,221,221,221,221,221,221,221,224,228,252,254,260,260,260,260,260,260,260,260,260,260,260,260,261,261,275,277,278,283,283,283,283,283,283,283,283,283,283,283,283,283
7,6,6,6,6,6,6,6,6,6,6,6,6,5,5,5,5,4,4,3,3,3,2,1,0,0,0,0,0,0,0,0,0,0,0,0,0,0,0,0,0,0,0,0,0,0,0,0,0,0,0,0,0,0,0,0,0,0,0,0,0,0,0,0,0,0,0,0,0,0,0,0,0,0,0,0,0,0,0,0,0,0,0,0,0,0,0,0,0,0,0,0,0,0,0,0,0,0,0,0,0,0,0,0,0,0,0,0,0,0,0,0,0,0,0,0,0,0,0,0,0,0,0,0,0,0,0,0,2,2,3,3,6,6,13,16,19,29,30,30,40,60,61,61,62,77,101,102,102,102,106,129,164,176,176,176,176,176,182,196,215,223,224,224,224,224,224,224,226,227,244,247,263,263,263,263,263,263,263,263,263,263,264,264,266,267,276,278,282,282,282,282,282,282,282,282,282,282,282,282
7,6,6,6,6,6,6,6,6,6,6,6,6,6,5,3,3,2,2,0,0,0,0,0,0,0,0,0,0,0,0,0,0,0,0,0,0,0,0,0,0,0,0,0,0,0,0,0,0,0,0,0,0,0,0,0,0,0,0,0,0,0,0,0,0,0,0,0,0,0,0,0,0,0,0,0,0,0,0,0,0,0,0,0,0,0,0,0,0,0,0,0,0,0,0,0,0,0,0,0,0,0,0,0,0,0,0,0,0,0,0,0,0,0,0,0,0,0,0,0,0,0,0,0,0,0,0,0,0,0,0,1,1,7,7,18,22,22,44,46,46,50,72,80,80,81,96,128,132,132,132,136,153,174,180,180,180,180,180,189,207,225,229,229,229,229,229,229,229,229,240,243,266,266,266,266,266,266,266,266,266,266,267,267,277,277,283,283,283,283,283,283,283,283,283,283,283,283,283,283
7,6,6,6,6,6,6,6,6,6,6,6,6,6,6,5,4,3,2,2,2,2,1,1,0,0,0,0,0,0,0,0,0,0,0,0,0,0,0,0,0,0,0,0,0,0,0,0,0,0,0,0,0,0,0,0,0,0,0,0,0,0,0,0,0,0,0,0,0,0,0,0,0,0,0,0,0,0,0,0,0,0,0,0,0,0,0,0,0,0,0,0,0,0,0,0,0,0,0,0,0,0,0,0,0,0,0,0,0,0,0,0,0,0,0,0,0,0,0,0,0,0,0,0,0,0,0,0,1,2,4,4,9,9,14,18,18,26,30,30,44,58,58,59,66,92,98,98,98,99,126,161,164,164,164,164,166,181,204,215,216,217,217,217,217,222,231,244,249,249,249,249,249,249,249,249,249,249,252,253,270,270,279,279,279,279,279,279,279,279,279,279,279,279,279,279,279,279,279,279
7,6,6,6,6,6,6,6,6,6,6,6,6,6,4,1,1,1,1,1,1,1,1,0,0,0,0,0,0,0,0,0,0,0,0,0,0,0,0,0,0,0,0,0,0,0,0,0,0,0,0,0,0,0,0,0,0,0,0,0,0,0,0,0,0,0,0,0,0,0,0,0,0,0,0,0,0,0,0,0,0,0,0,0,0,0,0,0,0,0,0,0,0,0,0,0,0,0,0,0,0,0,0,0,0,0,0,0,0,0,0,0,0,0,0,0,0,0,0,0,0,0,0,0,0,0,0,0,1,4,4,11,11,17,20,20,30,31,31,43,61,61,61,64,88,101,101,101,101,115,145,161,163,163,163,163,164,185,208,215,215,215,215,215,215,215,215,228,230,254,254,255,255,255,255,255,255,255,255,255,255,255,255,257,258,260,274,276,282,283,284,284,284,284,284,284,284,284,284,284
7,6,6,6,6,6,6,6,6,6,6,6,5,5,5,4,3,3,2,1,1,1,1,1,1,1,1,0,0,0,0,0,0,0,0,0,0,0,0,0,0,0,0,0,0,0,0,0,0,0,0,0,0,0,0,0,0,0,0,0,0,0,0,0,0,0,0,0,0,0,0,0,0,0,0,0,0,0,0,0,0,0,0,0,0,0,0,0,0,0,0,0,0,0,0,0,0,0,0,0,0,0,0,0,0,0,0,0,0,0,0,0,0,0,0,0,0,0,0,0,0,0,0,0,0,0,0,0,0,0,3,4,10,11,15,23,23,35,46,47,48,76,81,81,82,91,118,122,122,122,126,141,174,177,177,177,177,179,183,200,218,224,224,224,224,224,224,224,225,234,238,259,260,262,262,262,262,262,262,262,262,262,262,262,262,265,267,280,280,285,285,285,285,285,285,285,285,285,285,285
7,6,6,6,6,6,6,6,6,6,6,6,6,6,4,4,4,4,3,3,2,2,2,0,0,0,0,0,0,0,0,0,0,0,0,0,0,0,0,0,0,0,0,0,0,0,0,0,0,0,0,0,0,0,0,0,0,0,0,0,0,0,0,0,0,0,0,0,0,0,0,0,0,0,0,0,0,0,0,0,0,0,0,0,0,0,0,0,0,0,0,0,0,0,0,0,0,0,0,0,0,0,0,0,0,0,0,0,0,0,0,0,0,0,0,0,0,0,0,0,0,0,0,0,1,1,1,1,1,2,3,3,6,6,13,17,17,27,34,34,46,59,62,62,64,80,108,110,110,110,114,144,166,168,168,168,168,168,181,198,210,214,214,214,214,214,214,214,214,221,222,242,248,263,264,264,264,264,264,264,264,264,264,264,264,264,264,274,275,280,281,284,284,285,285,285,285,285,285,285
7,6,6,6,6,6,6,6,6,6,6,6,6,6,6,6,6,6,4,4,2,0,0,0,0,0,0,0,0,0,0,0,0,0,0,0,0,0,0,0,0,0,0,0,0,0,0,0,0,0,0,0,0,0,0,0,0,0,0,0,0,0,0,0,0,0,0,0,0,0,0,0,0,0,0,0,0,0,0,0,0,0,0,0,0,0,0,0,0,0,0,0,0,0,0,0,0,0,0,0,0,0,0,0,0,0,0,0,0,0,0,0,0,0,0,0,0,0,0,0,0,0,0,0,0,0,0,0,1,1,1,5,6,9,9,12,13,13,30,33,33,43,58,58,58,66,95,102,102,102,104,122,145,153,153,153,153,153,158,175,204,212,214,214,214,214,214,214,214,221,227,249,251,258,258,258,258,258,258,258,258,258,258,258,258,266,267,273,275,281,281,282,282,282,282,282,282,282,282,282
7,6,6,6,6,6,6,6,6,6,6,6,6,6,4,4,2,2,1,1,1,1,0,0,0,0,0,0,0,0,0,0,0,0,0,0,0,0,0,0,0,0,0,0,0,0,0,0,0,0,0,0,0,0,0,0,0,0,0,0,0,0,0,0,0,0,0,0,0,0,0,0,0,0,0,0,0,0,0,0,0,0,0,0,0,0,0,0,0,0,0,0,0,0,0,0,0,0,0,0,0,0,0,0,0,0,0,0,0,0,0,0,0,0,0,0,0,0,0,0,0,0,0,0,0,0,0,0,1,1,2,3,6,6,13,15,16,31,32,32,51,65,65,65,76,99,108,109,109,110,122,151,168,171,171,171,171,174,189,215,218,218,218,218,218,218,218,219,219,235,240,261,261,261,261,261,261,261,261,261,261,261,261,262,262,262,271,273,282,284,284,284,284,284,284,284,284,284,284,284
7,6,6,6,6,6,6,6,6,6,6,6,6,6,6,6,6,5,3,3,3,2,1,0,0,0,0,0,0,0,0,0,0,0,0,0,0,0,0,0,0,0,0,0,0,0,0,0,0,0,0,0,0,0,0,0,0,0,0,0,0,0,0,0,0,0,0,0,0,0,0,0,0,0,0,0,0,0,0,0,0,0,0,0,0,0,0,0,0,0,0,0,0,0,0,0,0,0,0,0,0,0,0,0,0,0,0,0,0,0,0,0,0,0,0,0,0,0,0,0,0,0,0,0,0,0,0,0,0,0,0,0,0,4,4,11,11,14,18,18,26,38,39,39,74,81,81,81,96,116,123,123,123,123,140,171,177,177,177,177,177,189,202,218,218,218,218,218,218,218,218,218,222,223,249,252,265,265,265,265,265,265,265,265,265,265,265,265,268,269,270,282,285,285,285,285,285,285,285,285
7,6,6,6,6,6,6,6,6,6,6,6,6,6,4,4,4,4,4,4,2,1,1,1,1,1,1,1,1,0,0,0,0,0,0,0,0,0,0,0,0,0,0,0,0,0,0,0,0,0,0,0,0,0,0,0,0,0,0,0,0,0,0,0,0,0,0,0,0,0,0,0,0,0,0,0,0,0,0,0,0,0,0,0,0,0,0,0,0,0,0,0,0,0,0,0,0,0,0,0,0,0,0,0,0,0,0,0,0,0,0,0,0,0,0,0,0,0,0,0,0,0,0,0,0,0,0,0,0,0,1,1,5,7,9,18,18,35,38,38,46,59,59,59,68,90,98,98,98,101,128,150,155,155,155,155,157,169,193,200,201,201,201,201,201,201,201,207,208,229,236,255,255,255,255,255,255,255,255,255,255,255,255,256,256,265,266,267,281,281,284,284,284,284,284,284,284,284,284,284
7,6,6,6,6,6,6,6,6,6,6,6,6,6,6,6,5,3,3,3,2,2,0,0,0,0,0,0,0,0,0,0,0,0,0,0,0,0,0,0,0,0,0,0,0,0,0,0,0,0,0,0,0,0,0,0,0,0,0,0,0,0,0,0,0,0,0,0,0,0,0,0,0,0,0,0,0,0,0,0,0,0,0,0,0,0,0,0,0,0,0,0,0,0,0,0,0,0,0,0,0,0,0,0,0,0,0,0,0,0,0,0,0,0,0,0,0,0,0,0,0,0,0,0,0,0,0,0,0,0,1,2,3,4,5,9,9,17,30,30,30,50,65,65,66,76,102,107,107,107,109,125,155,166,166,166,166,167,171,192,211,222,222,222,222,222,222,223,231,237,257,257,259,259,259,259,259,259,259,259,261,261,271,271,278,279,279,279,279,279,279,279,279,279,279,279,279,279,279,279
7,6,6,6,6,6,6,6,6,6,6,6,6,6,6,6,6,6,6,4,3,2,2,1,0,0,0,0,0,0,0,0,0,0,0,0,0,0,0,0,0,0,0,0,0,0,0,0,0,0,0,0,0,0,0,0,0,0,0,0,0,0,0,0,0,0,0,0,0,0,0,0,0,0,0,0,0,0,0,0,0,0,0,0,0,0,0,0,0,0,0,0,0,0,0,0,0,0,0,0,0,0,0,0,0,0,0,0,0,0,0,0,0,0,0,0,0,0,0,0,0,0,0,0,0,0,0,0,0,0,2,2,2,2,2,12,14,15,25,25,25,37,44,44,45,60,88,91,91,91,97,132,150,154,154,154,155,158,167,190,200,200,200,200,200,200,200,200,207,210,238,246,256,256,256,256,256,256,256,256,256,256,256,256,265,266,281,281,282,282,282,282,282,282,282,282,282,282,282,282
7,6,6,6,6,6,6,6,6,6,6,6,6,6,5,4,2,1,1,1,1,1,0,0,0,0,0,0,0,0,0,0,0,0,0,0,0,0,0,0,0,0,0,0,0,0,0,0,0,0,0,0,0,0,0,0,0,0,0,0,0,0,0,0,0,0,0,0,0,0,0,0,0,0,0,0,0,0,0,0,0,0,0,0,0,0,0,0,0,0,0,0,0,0,0,0,0,0,0,0,0,0,0,0,0,0,0,0,0,0,0,0,0,0,0,0,0,0,0,0,0,0,0,0,0,0,1,2,3,3,3,6,6,11,11,18,23,23,38,44,44,51,67,67,67,69,94,121,121,121,121,125,156,169,171,171,171,171,174,187,215,223,224,224,224,224,224,224,226,230,255,255,258,258,258,258,258,258,258,258,258,258,263,263,277,277,282,282,282,282,282,282,282,282,282,282,282,282,282,282
7,6,6,6,6,6,6,6,6,6,6,6,6,6,5,5,5,4,4,4,3,1,1,1,1,0,0,0,0,0,0,0,0,0,0,0,0,0,0,0,0,0,0,0,0,0,0,0,0,0,0,0,0,0,0,0,0,0,0,0,0,0,0,0,0,0,0,0,0,0,0,0,0,0,0,0,0,0,0,0,0,0,0,0,0,0,0,0,0,0,0,0,0,0,0,0,0,0,0,0,0,0,0,0,0,0,0,0,0,0,0,0,0,0,0,0,0,0,0,0,0,0,0,0,0,2,2,2,3,3,6,6,14,14,16,30,30,35,53,53,53,57,78,91,91,91,92,115,141,145,145,145,145,147,160,195,205,205,205,205,205,205,205,216,230,244,247,247,247,247,247,247,247,247,247,247,248,249,260,261,277,278,280,280,280,280,280,280,280,280,280,280,280,280,280,280,280,280,282,283
7,6,6,6,6,6,6,6,6,6,6,6,6,6,6,6,3,3,3,2,1,1,1,0,0,0,0,0,0,0,0,0,0,0,0,0,0,0,0,0,0,0,0,0,0,0,0,0,0,0,0,0,0,0,0,0,0,0,0,0,0,0,0,0,0,0,0,0,0,0,0,0,0,0,0,0,0,0,0,0,0,0,0,0,0,0,0,0,0,0,0,0,0,0,0,0,0,0,0,0,0,0,0,0,0,0,0,0,0,0,0,0,0,0,0,0,0,0,0,0,0,0,0,0,0,0,1,2,2,4,4,8,8,19,21,23,36,36,37,62,66,66,68,80,99,99,99,99,105,149,165,165,165,165,167,180,210,214,214,214,214,214,214,223,245,251,252,252,252,252,252,252,252,253,256,269,269,271,271,271,271,271,271,271,271,271,271,271,271,271,271,271,271,276,278,285,287,287,287,287
7,6,6,6,6,6,6,6,6,6,6,6,6,6,5,4,4,3,2,1,1,0,0,0,0,0,0,0,0,0,0,0,0,0,0,0,0,0,0,0,0,0,0,0,0,0,0,0,0,0,0,0,0,0,0,0,0,0,0,0,0,0,0,0,0,0,0,0,0,0,0,0,0,0,0,0,0,0,0,0,0,0,0,0,0,0,0,0,0,0,0,0,0,0,0,0,0,0,0,0,0,0,0,0,0,0,0,0,0,0,0,0,0,0,0,0,0,0,0,0,0,0,0,0,0,0,0,2,2,2,6,7,13,21,21,33,40,41,53,69,69,69,80,93,94,94,94,101,128,146,146,146,146,146,149,164,187,193,195,195,195,195,195,195,195,198,198,218,225,250,252,255,255,255,255,255,255,255,255,255,255,255,255,255,255,256,262,262,262,275,275,277,285,285,288,288,288,288,288,288
7,6,6,6,6,6,6,6,6,6,6,6,6,5,5,4,3,2,1,1,0,0,0,0,0,0,0,0,0,0,0,0,0,0,0,0,0,0,0,0,0,0,0,0,0,0,0,0,0,0,0,0,0,0,0,0,0,0,0,0,0,0,0,0,0,0,0,0,0,0,0,0,0,0,0,0,0,0,0,0,0,0,0,0,0,0,0,0,0,0,0,0,0,0,0,0,0,0,0,0,0,0,0,0,0,0,0,0,0,0,0,0,0,0,0,0,0,0,0,0,0,0,0,0,0,0,0,0,0,2,2,6,6,9,16,16,28,36,36,38,61,61,61,64,96,104,104,104,104,111,145,161,161,161,161,161,165,185,205,215,215,215,215,215,215,215,215,218,219,245,249,257,257,257,257,257,257,257,257,257,257,257,257,257,257,266,269,271,283,283,284,284,284,284,284,284,284,284,284,284
7,6,6,6,6,6,6,6,6,6,6,6,6,6,6,5,4,4,3,2,1,1,1,1,1,1,1,1,1,0,0,0,0,0,0,0,0,0,0,0,0,0,0,0,0,0,0,0,0,0,0,0,0,0,0,0,0,0,0,0,0,0,0,0,0,0,0,0,0,0,0,0,0,0,0,0,0,0,0,0,0,0,0,0,0,0,0,0,0,0,0,0,0,0,0,0,0,0,0,0,0,0,0,0,0,0,0,0,0,0,0,0,0,0,0,0,0,0,0,0,0,0,0,0,0,0,0,2,2,2,2,2,6,6,12,12,14,33,35,36,56,67,67,67,75,96,99,99,99,99,112,142,148,148,148,148,148,149,157,181,205,217,218,218,218,218,218,218,218,220,225,249,254,266,266,266,266,266,266,266,266,266,266,266,266,275,275,282,283,284,284,284,284,284,284,284,284,284,284,284
7,6,6,6,6,6,6,6,6,6,6,6,6,6,6,5,4,4,4,2,0,0,0,0,0,0,0,0,0,0,0,0,0,0,0,0,0,0,0,0,0,0,0,0,0,0,0,0,0,0,0,0,0,0,0,0,0,0,0,0,0,0,0,0,0,0,0,0,0,0,0,0,0,0,0,0,0,0,0,0,0,0,0,0,0,0,0,0,0,0,0,0,0,0,0,0,0,0,0,0,0,0,0,0,0,0,0,0,0,0,0,0,0,0,0,0,0,0,0,0,0,0,0,0,0,0,1,1,2,2,5,6,15,15,22,28,28,39,40,40,56,69,69,69,76,102,107,107,107,108,127,162,164,164,164,164,165,179,202,215,215,215,215,215,215,215,222,237,249,254,254,254,254,254,254,254,254,254,254,254,254,262,264,278,280,282,282,282,282,282,282,282,282,282,282,282,282,282,282,282
7,6,6,6,6,6,6,6,6,6,6,6,6,6,6,6,5,5,4,3,3,2,2,1,1,0,0,0,0,0,0,0,0,0,0,0,0,0,0,0,0,0,0,0,0,0,0,0,0,0,0,0,0,0,0,0,0,0,0,0,0,0,0,0,0,0,0,0,0,0,0,0,0,0,0,0,0,0,0,0,0,0,0,0,0,0,0,0,0,0,0,0,0,0,0,0,0,0,0,0,0,0,0,0,0,0,0,0,0,0,0,0,0,0,0,0,0,0,0,0,0,0,0,0,0,0,0,0,0,1,1,4,4,5,9,12,13,28,28,30,46,49,49,65,84,84,84,84,107,129,129,129,129,142,167,183,186,186,186,186,188,210,229,232,232,232,232,232,232,232,253,261,261,261,261,261,261,261,261,261,261,267,267,277,277,277,277,277,277,277,277,277,277,277,277,277,277,277,277,277
7,6,6,6,6,6,6,6,6,6,6,6,6,6,6,3,3,3,2,1,1,1,1,0,0,0,0,0,0,0,0,0,0,0,0,0,0,0,0,0,0,0,0,0,0,0,0,0,0,0,0,0,0,0,0,0,0,0,0,0,0,0,0,0,0,0,0,0,0,0,0,0,0,0,0,0,0,0,0,0,0,0,0,0,0,0,0,0,0,0,0,0,0,0,0,0,0,0,0,0,0,0,0,0,0,0,0,0,0,0,0,0,0,0,0,0,0,0,0,0,0,0,0,0,0,0,0,0,1,1,2,3,4,5,13,13,22,24,24,30,48,48,48,56,89,92,92,92,98,127,151,152,152,152,153,158,191,196,196,196,196,196,196,196,201,214,238,244,244,244,244,244,244,244,244,244,244,244,247,249,261,264,278,278,279,279,279,279,279,279,279,279,279,279,279,279,279,279,279,279
7,6,6,6,6,6,6,6,6,6,6,6,6,6,6,6,3,3,3,2,2,0,0,0,0,0,0,0,0,0,0,0,0,0,0,0,0,0,0,0,0,0,0,0,0,0,0,0,0,0,0,0,0,0,0,0,0,0,0,0,0,0,0,0,0,0,0,0,0,0,0,0,0,0,0,0,0,0,0,0,0,0,0,0,0,0,0,0,0,0,0,0,0,0,0,0,0,0,0,0,0,0,0,0,0,0,0,0,0,0,0,0,0,0,0,0,0,0,0,0,0,0,0,0,0,0,0,0,0,0,0,4,5,6,11,11,23,34,34,36,60,60,60,60,86,109,109,109,109,111,152,159,159,159,159,159,159,175,214,219,219,219,219,219,219,219,220,231,237,255,255,255,255,255,255,255,255,255,255,255,255,257,259,269,273,281,281,281,281,281,281,281,281,281,281,281,281,281,281,281
7,6,6,6,6,6,6,6,6,6,6,6,6,6,6,6,6,5,4,2,1,1,0,0,0,0,0,0,0,0,0,0,0,0,0,0,0,0,0,0,0,0,0,0,0,0,0,0,0,0,0,0,0,0,0,0,0,0,0,0,0,0,0,0,0,0,0,0,0,0,0,0,0,0,0,0,0,0,0,0,0,0,0,0,0,0,0,0,0,0,0,0,0,0,0,0,0,0,0,0,0,0,0,0,0,0,0,0,0,0,0,0,0,0,0,0,0,0,0,0,0,0,0,0,0,0,0,0,0,0,1,1,5,5,10,14,14,27,30,30,47,62,62,62,82,103,103,103,104,124,147,149,149,149,149,153,175,196,200,200,200,200,200,200,208,223,240,243,243,243,243,243,243,243,243,243,243,248,250,259,263,275,275,277,277,277,277,277,277,277,277,277,277,277,277,277,277,277,277,277
7,6,6,6,6,6,6,6,6,6,6,6,6,6,5,2,2,2,1,1,0,0,0,0,0,0,0,0,0,0,0,0,0,0,0,0,0,0,0,0,0,0,0,0,0,0,0,0,0,0,0,0,0,0,0,0,0,0,0,0,0,0,0,0,0,0,0,0,0,0,0,0,0,0,0,0,0,0,0,0,0,0,0,0,0,0,0,0,0,0,0,0,0,0,0,0,0,0,0,0,0,0,0,0,0,0,0,0,0,0,0,0,0,0,0,0,0,0,0,0,0,0,0,0,0,0,2,2,2,2,3,3,7,7,13,17,17,23,52,53,53,54,78,85,85,85,86,106,135,143,144,144,144,144,153,184,204,206,206,206,206,206,208,210,227,248,251,251,251,251,251,251,251,251,251,252,253,268,268,277,277,277,277,277,277,277,277,277,277,277,277,277,277,277,277,277,277,277,278,282
7,6,6,6,6,6,6,6,6,6,6,6,6,6,6,6,6,5,2,1,1,0,0,0,0,0,0,0,0,0,0,0,0,0,0,0,0,0,0,0,0,0,0,0,0,0,0,0,0,0,0,0,0,0,0,0,0,0,0,0,0,0,0,0,0,0,0,0,0,0,0,0,0,0,0,0,0,0,0,0,0,0,0,0,0,0,0,0,0,0,0,0,0,0,0,0,0,0,0,0,0,0,0,0,0,0,0,0,0,0,0,0,0,0,0,0,0,0,0,0,0,0,0,0,0,0,0,2,2,6,7,9,9,17,17,22,29,29,29,67,68,68,68,101,107,107,107,107,131,151,151,151,151,151,152,161,196,204,204,204,204,204,204,204,205,209,215,253,256,256,256,256,256,256,256,256,256,256,258,261,277,279,280,280,280,280,280,280,280,280,280,280,280,280,280,280,280,280,280,280
7,6,6,6,6,6,6,6,6,6,6,6,6,6,6,6,6,6,4,3,1,1,1,1,0,0,0,0,0,0,0,0,0,0,0,0,0,0,0,0,0,0,0,0,0,0,0,0,0,0,0,0,0,0,0,0,0,0,0,0,0,0,0,0,0,0,0,0,0,0,0,0,0,0,0,0,0,0,0,0,0,0,0,0,0,0,0,0,0,0,0,0,0,0,0,0,0,0,0,0,0,0,0,0,0,0,0,0,0,0,0,0,0,0,0,0,0,0,0,0,0,0,0,0,0,0,0,0,0,0,3,3,14,14,27,28,29,44,44,44,60,66,66,66,87,115,117,117,119,124,157,166,166,166,166,168,192,211,214,214,214,214,214,216,225,238,243,243,243,243,243,243,243,243,243,243,243,243,249,249,276,276,278,278,278,278,278,278,278,278,278,278,278,278,278,278,278,278,278,278
7,6,6,6,6,6,6,6,6,6,6,6,6,6,6,6,4,2,2,2,1,0,0,0,0,0,0,0,0,0,0,0,0,0,0,0,0,0,0,0,0,0,0,0,0,0,0,0,0,0,0,0,0,0,0,0,0,0,0,0,0,0,0,0,0,0,0,0,0,0,0,0,0,0,0,0,0,0,0,0,0,0,0,0,0,0,0,0,0,0,0,0,0,0,0,0,0,0,0,0,0,0,0,0,0,0,0,0,0,0,0,0,0,0,0,0,0,0,0,0,0,0,0,0,0,0,0,0,0,1,1,2,2,6,6,7,21,21,21,40,51,51,51,65,93,93,94,94,99,129,152,155,155,155,155,158,181,205,206,206,206,206,206,206,209,216,221,252,254,254,254,254,254,254,254,254,254,254,257,274,274,277,277,277,277,277,277,277,277,277,277,277,277,277,277,277,277,277,277,278
7,6,6,6,6,6,6,6,6,6,6,6,6,6,6,6,3,2,2,2,1,1,0,0,0,0,0,0,0,0,0,0,0,0,0,0,0,0,0,0,0,0,0,0,0,0,0,0,0,0,0,0,0,0,0,0,0,0,0,0,0,0,0,0,0,0,0,0,0,0,0,0,0,0,0,0,0,0,0,0,0,0,0,0,0,0,0,0,0,0,0,0,0,0,0,0,0,0,0,0,0,0,0,0,0,0,0,0,0,0,0,0,0,0,0,0,0,0,0,0,0,0,0,0,0,0,0,0,0,2,3,4,10,10,10,26,27,27,42,46,46,47,64,77,79,79,79,89,115,124,127,127,127,127,130,144,170,195,200,201,201,201,201,201,202,204,209,212,244,249,256,256,256,256,256,256,256,256,256,256,257,258,263,264,278,279,283,283,283,283,283,283,283,283,283,283,283,283,283,283
7,6,6,6,6,6,6,6,6,6,6,6,6,6,6,4,4,2,2,1,1,1,0,0,0,0,0,0,0,0,0,0,0,0,0,0,0,0,0,0,0,0,0,0,0,0,0,0,0,0,0,0,0,0,0,0,0,0,0,0,0,0,0,0,0,0,0,0,0,0,0,0,0,0,0,0,0,0,0,0,0,0,0,0,0,0,0,0,0,0,0,0,0,0,0,0,0,0,0,0,0,0,0,0,0,0,0,0,0,0,0,0,0,0,0,0,0,0,0,0,0,0,0,0,0,0,0,0,0,0,0,1,2,7,8,15,15,22,30,30,35,59,61,61,61,84,97,97,97,97,105,125,149,151,152,152,152,154,165,188,213,222,222,222,222,222,222,223,224,250,253,260,260,260,260,260,260,260,260,260,260,275,275,281,281,281,281,281,281,281,281,281,281,281,281,281,281,281,286,286
7,6,6,6,6,6,6,6,6,6,6,6,6,6,6,6,6,3,3,1,1,1,1,0,0,0,0,0,0,0,0,0,0,0,0,0,0,0,0,0,0,0,0,0,0,0,0,0,0,0,0,0,0,0,0,0,0,0,0,0,0,0,0,0,0,0,0,0,0,0,0,0,0,0,0,0,0,0,0,0,0,0,0,0,0,0,0,0,0,0,0,0,0,0,0,0,0,0,0,0,0,0,0,0,0,0,0,0,0,0,0,0,0,0,0,0,0,0,0,0,0,0,0,0,0,0,0,0,0,0,1,1,5,5,10,15,15,28,30,30,37,59,59,59,61,93,103,103,103,103,118,155,157,157,157,157,157,160,180,207,211,211,211,211,211,211,211,211,218,223,252,255,256,256,256,256,256,256,256,256,256,256,256,256,260,262,270,270,271,283,283,283,283,283,283,283,283,283,283,283
7,6,6,6,6,6,6,6,6,6,6,6,6,6,6,6,6,3,2,0,0,0,0,0,0,0,0,0,0,0,0,0,0,0,0,0,0,0,0,0,0,0,0,0,0,0,0,0,0,0,0,0,0,0,0,0,0,0,0,0,0,0,0,0,0,0,0,0,0,0,0,0,0,0,0,0,0,0,0,0,0,0,0,0,0,0,0,0,0,0,0,0,0,0,0,0,0,0,0,0,0,0,0,0,0,0,0,0,0,0,0,0,0,0,0,0,0,0,0,0,0,0,0,0,0,0,0,0,0,0,0,1,2,4,4,14,15,26,30,30,44,55,55,55,66,90,92,92,92,106,127,131,131,131,131,133,148,177,184,186,186,186,186,186,187,188,195,202,228,235,250,251,251,251,251,251,251,251,251,251,251,256,257,271,273,278,279,279,279,279,279,279,279,279,279,279,279,279,279,279
7,6,6,6,6,6,6,6,6,6,6,6,6,6,5,3,2,1,1,1,1,1,1,1,1,0,0,0,0,0,0,0,0,0,0,0,0,0,0,0,0,0,0,0,0,0,0,0,0,0,0,0,0,0,0,0,0,0,0,0,0,0,0,0,0,0,0,0,0,0,0,0,0,0,0,0,0,0,0,0,0,0,0,0,0,0,0,0,0,0,0,0,0,0,0,0,0,0,0,0,0,0,0,0,0,0,0,0,0,0,0,0,0,0,0,0,0,0,0,0,0,0,0,0,0,0,0,0,0,2,2,11,11,15,18,18,33,47,47,52,74,76,76,79,97,108,111,111,111,115,149,175,175,175,175,175,176,193,216,222,222,222,222,222,222,222,230,234,253,254,260,260,260,260,260,260,260,260,261,261,270,273,279,279,279,279,279,279,279,279,279,279,279,279,279,279,279,279,279,279
7,6,6,6,6,6,6,6,6,6,6,6,6,6,5,5,3,2,1,1,0,0,0,0,0,0,0,0,0,0,0,0,0,0,0,0,0,0,0,0,0,0,0,0,0,0,0,0,0,0,0,0,0,0,0,0,0,0,0,0,0,0,0,0,0,0,0,0,0,0,0,0,0,0,0,0,0,0,0,0,0,0,0,0,0,0,0,0,0,0,0,0,0,0,0,0,0,0,0,0,0,0,0,0,0,0,0,0,0,0,0,0,0,0,0,0,0,0,0,0,0,0,0,0,0,0,0,0,3,5,7,10,14,14,23,23,23,43,45,45,62,92,92,92,93,117,130,130,130,131,141,165,172,173,173,173,173,173,187,219,228,228,228,228,228,228,228,228,228,251,255,264,264,264,264,264,264,264,264,264,264,264,264,270,271,281,282,282,282,282,282,282,282,282,282,282,282,282,282,282
7,6,6,6,6,6,6,6,6,6,6,6,5,5,4,4,4,4,4,4,2,2,2,2,1,1,0,0,0,0,0,0,0,0,0,0,0,0,0,0,0,0,0,0,0,0,0,0,0,0,0,0,0,0,0,0,0,0,0,0,0,0,0,0,0,0,0,0,0,0,0,0,0,0,0,0,0,0,0,0,0,0,0,0,0,0,0,0,0,0,0,0,0,0,0,0,0,0,0,0,0,0,0,0,0,0,0,0,0,0,0,0,0,0,0,0,0,0,0,0,0,0,0,0,0,0,1,2,3,5,6,6,7,12,12,22,30,30,35,58,58,58,62,97,102,102,102,102,116,150,152,152,152,152,152,158,190,206,207,207,207,207,207,207,207,207,222,228,257,258,258,258,258,258,258,258,258,258,258,261,262,277,277,279,279,279,279,279,279,279,279,279,279,279,279,279,279,279,279,279
7,6,6,6,6,6,6,6,6,6,6,6,6,6,6,6,6,5,5,4,3,2,2,1,0,0,0,0,0,0,0,0,0,0,0,0,0,0,0,0,0,0,0,0,0,0,0,0,0,0,0,0,0,0,0,0,0,0,0,0,0,0,0,0,0,0,0,0,0,0,0,0,0,0,0,0,0,0,0,0,0,0,0,0,0,0,0,0,0,0,0,0,0,0,0,0,0,0,0,0,0,0,0,0,0,0,0,0,0,0,0,0,0,0,0,0,0,0,0,0,0,0,0,0,0,0,0,0,1,1,1,1,2,2,7,7,18,25,25,28,55,56,56,60,90,102,102,102,102,127,152,156,156,156,156,157,180,200,201,201,201,201,201,201,203,211,237,248,248,248,248,248,248,248,248,248,248,248,250,252,273,274,276,276,276,276,276,276,276,276,276,276,276,276,276,276,276,276,276,276
7,6,6,6,6,6,6,6,6,6,6,6,6,6,6,5,5,4,4,4,2,1,1,1,1,1,1,1,0,0,0,0,0,0,0,0,0,0,0,0,0,0,0,0,0,0,0,0,0,0,0,0,0,0,0,0,0,0,0,0,0,0,0,0,0,0,0,0,0,0,0,0,0,0,0,0,0,0,0,0,0,0,0,0,0,0,0,0,0,0,0,0,0,0,0,0,0,0,0,0,0,0,0,0,0,0,0,0,0,0,0,0,0,0,0,0,0,0,0,0,0,0,0,0,0,1,1,1,1,2,2,2,3,5,5,10,10,17,30,30,33,58,61,61,63,84,108,109,109,109,114,150,167,168,168,168,168,175,205,212,213,213,213,213,213,215,227,247,251,251,251,251,251,251,251,251,251,253,254,266,266,274,274,274,274,274,274,274,274,274,274,274,274,274,274,274,274,274,274,274
7,6,6,6,6,6,6,6,6,6,6,6,6,6,6,6,4,3,2,2,2,2,1,1,0,0,0,0,0,0,0,0,0,0,0,0,0,0,0,0,0,0,0,0,0,0,0,0,0,0,0,0,0,0,0,0,0,0,0,0,0,0,0,0,0,0,0,0,0,0,0,0,0,0,0,0,0,0,0,0,0,0,0,0,0,0,0,0,0,0,0,0,0,0,0,0,0,0,0,0,0,0,0,0,0,0,0,0,0,0,0,0,0,0,0,0,0,0,0,0,0,0,0,0,0,0,0,1,1,2,2,10,10,18,19,19,22,24,24,35,56,57,57,60,88,112,113,113,114,117,132,161,167,167,167,167,168,173,183,204,213,215,215,215,215,215,215,215,216,218,225,230,252,257,266,266,266,266,266,266,266,266,266,266,266,266,266,267,267,267,270,270,273,281,281,281,286,286,287,287
7,6,6,6,6,6,6,6,6,6,6,6,6,6,5,4,3,1,0,0,0,0,0,0,0,0,0,0,0,0,0,0,0,0,0,0,0,0,0,0,0,0,0,0,0,0,0,0,0,0,0,0,0,0,0,0,0,0,0,0,0,0,0,0,0,0,0,0,0,0,0,0,0,0,0,0,0,0,0,0,0,0,0,0,0,0,0,0,0,0,0,0,0,0,0,0,0,0,0,0,0,0,0,0,0,0,0,0,0,0,0,0,0,0,0,0,0,0,0,0,0,0,0,0,0,0,0,0,1,4,4,8,8,8,8,8,18,22,22,24,51,57,57,57,71,102,110,110,110,110,118,143,172,173,173,173,173,173,178,202,223,228,228,228,228,228,228,229,229,237,242,264,264,264,264,264,264,264,264,264,264,264,264,266,268,279,279,284,284,284,284,284,284,284,284,284,284,284,284,284
7,6,6,6,6,6,6,6,6,6,6,6,6,6,4,4,4,4,3,3,3,2,2,2,1,1,1,0,0,0,0,0,0,0,0,0,0,0,0,0,0,0,0,0,0,0,0,0,0,0,0,0,0,0,0,0,0,0,0,0,0,0,0,0,0,0,0,0,0,0,0,0,0,0,0,0,0,0,0,0,0,0,0,0,0,0,0,0,0,0,0,0,0,0,0,0,0,0,0,0,0,0,0,0,0,0,0,0,0,0,0,0,0,0,0,0,0,0,0,0,0,0,0,0,0,0,0,1,1,1,4,6,6,18,18,23,46,46,48,68,76,76,77,98,117,118,118,118,126,149,162,163,163,163,164,167,181,201,206,206,206,206,206,206,206,206,207,215,223,254,258,266,266,266,266,266,266,266,266,267,267,274,274,283,283,283,283,283,283,283,283,283,283,283,283,283,283,283,283,283
7,6,6,6,6,6,6,6,6,6,6,6,6,6,6,6,5,4,2,1,1,1,1,1,0,0,0,0,0,0,0,0,0,0,0,0,0,0,0,0,0,0,0,0,0,0,0,0,0,0,0,0,0,0,0,0,0,0,0,0,0,0,0,0,0,0,0,0,0,0,0,0,0,0,0,0,0,0,0,0,0,0,0,0,0,0,0,0,0,0,0,0,0,0,0,0,0,0,0,0,0,0,0,0,0,0,0,0,0,0,0,0,0,0,0,0,0,0,0,0,0,0,0,0,0,0,0,0,0,2,2,5,6,10,11,19,19,28,37,37,42,56,60,60,62,84,100,100,100,100,112,135,158,161,161,161,161,164,179,203,218,219,219,219,219,219,220,221,239,244,255,257,257,257,257,257,257,257,257,257,259,261,273,274,279,279,279,279,279,279,279,279,279,279,279,279,279,279,279,279
7,6,6,6,6,6,6,6,6,6,6,6,6,6,6,6,6,6,5,5,3,3,2,2,2,2,1,1,1,1,0,0,0,0,0,0,0,0,0,0,0,0,0,0,0,0,0,0,0,0,0,0,0,0,0,0,0,0,0,0,0,0,0,0,0,0,0,0,0,0,0,0,0,0,0,0,0,0,0,0,0,0,0,0,0,0,0,0,0,0,0,0,0,0,0,0,0,0,0,0,0,0,0,0,0,0,0,0,0,0,0,0,0,0,0,0,0,0,0,0,0,0,0,0,0,0,0,0,0,1,1,1,1,2,4,11,11,24,29,29,39,47,47,47,58,92,96,96,96,108,142,152,155,155,155,156,170,191,198,198,198,198,198,198,200,204,223,242,243,243,243,243,243,243,243,243,243,243,244,244,255,256,267,271,279,279,279,279,279,279,279,279,279,279,279,279,279,279,279,279
7,6,6,6,6,6,6,6,6,6,6,6,6,6,6,5,5,3,2,2,1,0,0,0,0,0,0,0,0,0,0,0,0,0,0,0,0,0,0,0,0,0,0,0,0,0,0,0,0,0,0,0,0,0,0,0,0,0,0,0,0,0,0,0,0,0,0,0,0,0,0,0,0,0,0,0,0,0,0,0,0,0,0,0,0,0,0,0,0,0,0,0,0,0,0,0,0,0,0,0,0,0,0,0,0,0,0,0,0,0,0,0,0,0,0,0,0,0,0,0,0,0,0,0,0,0,0,0,1,1,2,3,10,17,17,31,32,32,54,55,55,56,81,89,89,89,91,112,127,128,128,128,128,136,157,186,189,189,189,189,189,189,189,189,204,211,242,244,244,244,244,244,244,244,244,244,244,244,244,244,253,254,271,273,281,281,281,281,281,281,281,281,281,281,281,281,281,281,281,281
7,6,6,6,6,6,6,6,6,6,6,6,6,6,4,2,2,2,2,2,2,2,2,2,1,1,1,1,0,0,0,0,0,0,0,0,0,0,0,0,0,0,0,0,0,0,0,0,0,0,0,0,0,0,0,0,0,0,0,0,0,0,0,0,0,0,0,0,0,0,0,0,0,0,0,0,0,0,0,0,0,0,0,0,0,0,0,0,0,0,0,0,0,0,0,0,0,0,0,0,0,0,0,0,0,0,0,0,0,0,0,0,0,0,0,0,0,0,0,0,0,0,0,0,0,0,0,0,0,1,2,3,5,10,10,18,18,24,32,32,34,63,67,67,67,87,108,108,108,108,110,136,160,162,162,162,162,163,170,186,204,209,210,210,210,210,210,210,210,211,219,221,254,257,261,261,261,261,261,261,261,261,261,261,261,261,261,261,261,263,263,263,269,269,271,280,280,280,284,284
