9,8,8,8,8,8,8,8,8,8,8,7,6,2,1,1,0,0,0,0,0,0,0,0,0,0,0,0,0,0,0,0,0,0,0,0,0,0,0,0,0,0,0,0,0,0,0,0,0,0,0,0,0,0,0,0,0,0,0,0,0,0,0,0,0,0,0,0,0,0,0,0,0,0,0,0,0,0,0,0,0,0,0,0,0,0,0,0,0,0,0,0,0,0,0,0,0,0,0,0,0,0,0,0,0,0,0,0,0,0,0,0,0,0,0,0,0,0,0,0,0,0,0,0,0,0,0,0,0,1,1,3,4,6,7,9,12,16,25,31,42,58,72,86,100,118,132,145,160,178,188,209,223,237,251,264,272,283,303,309,322,331,337,346,351,365,366,368,380,384,390,404,405,407,419,421,423,425,429,429,432,438,440,453,453,454,455,455,456,459,460,463,463,463,464,464,464,465,466,467
9,8,8,8,8,8,8,8,8,8,8,8,8,6,4,2,1,1,0,0,0,0,0,0,0,0,0,0,0,0,0,0,0,0,0,0,0,0,0,0,0,0,0,0,0,0,0,0,0,0,0,0,0,0,0,0,0,0,0,0,0,0,0,0,0,0,0,0,0,0,0,0,0,0,0,0,0,0,0,0,0,0,0,0,0,0,0,0,0,0,0,0,0,0,0,0,0,0,0,0,0,0,0,0,0,0,0,0,0,0,0,0,0,0,0,0,0,0,0,0,0,0,0,0,0,0,0,0,0,0,1,1,2,2,8,11,15,18,24,29,36,43,55,68,78,91,105,122,135,149,166,177,200,220,234,258,271,281,293,306,310,329,332,344,350,356,372,375,376,391,393,399,407,409,412,424,426,427,427,435,437,438,439,447,447,447,449,450,454,455,467,470,471,471,471,471,471,471,472,472
9,8,8,8,8,8,8,8,8,8,8,8,6,6,3,1,0,0,0,0,0,0,0,0,0,0,0,0,0,0,0,0,0,0,0,0,0,0,0,0,0,0,0,0,0,0,0,0,0,0,0,0,0,0,0,0,0,0,0,0,0,0,0,0,0,0,0,0,0,0,0,0,0,0,0,0,0,0,0,0,0,0,0,0,0,0,0,0,0,0,0,0,0,0,0,0,0,0,0,0,0,0,0,0,0,0,0,0,0,0,0,0,0,0,0,0,0,0,0,0,0,0,0,0,0,0,0,0,0,0,0,0,0,0,0,3,11,15,19,25,38,46,54,67,86,97,120,129,149,162,183,191,209,219,231,249,254,268,278,296,300,325,330,342,344,352,363,365,370,385,390,394,398,401,402,423,425,427,428,431,432,436,443,450,450,450,451,452,461,462,462,464,465,465,465,466,466,467,468,469
9,8,8,8,8,8,8,8,8,8,8,8,7,4,2,1,1,1,0,0,0,0,0,0,0,0,0,0,0,0,0,0,0,0,0,0,0,0,0,0,0,0,0,0,0,0,0,0,0,0,0,0,0,0,0,0,0,0,0,0,0,0,0,0,0,0,0,0,0,0,0,0,0,0,0,0,0,0,0,0,0,0,0,0,0,0,0,0,0,0,0,0,0,0,0,0,0,0,0,0,0,0,0,0,0,0,0,0,0,0,0,0,0,0,0,0,0,0,0,0,0,0,0,0,0,0,0,0,0,0,0,1,1,3,4,5,9,15,22,25,32,43,58,74,90,101,120,126,140,154,174,184,198,212,224,244,252,265,274,291,297,315,326,344,345,367,373,386,386,387,399,399,399,412,413,415,426,426,427,430,440,441,442,443,448,450,450,451,453,453,454,460,460,462,462,462,462,462,462,462
9,8,8,8,8,8,8,8,8,8,8,8,7,4,0,0,0,0,0,0,0,0,0,0,0,0,0,0,0,0,0,0,0,0,0,0,0,0,0,0,0,0,0,0,0,0,0,0,0,0,0,0,0,0,0,0,0,0,0,0,0,0,0,0,0,0,0,0,0,0,0,0,0,0,0,0,0,0,0,0,0,0,0,0,0,0,0,0,0,0,0,0,0,0,0,0,0,0,0,0,0,0,0,0,0,0,0,0,0,0,0,0,0,0,0,0,0,0,0,0,0,0,0,0,0,0,0,0,0,0,0,0,0,2,4,6,11,15,25,30,38,49,60,69,83,95,111,122,140,153,171,195,206,222,232,242,261,265,275,282,305,312,315,334,340,351,354,358,376,382,385,388,400,403,411,415,430,431,431,434,437,445,445,445,446,447,452,453,455,457,460,462,462,462,462,463,464,464,464,464
9,8,8,8,8,8,8,8,8,8,8,6,5,4,2,2,1,1,0,0,0,0,0,0,0,0,0,0,0,0,0,0,0,0,0,0,0,0,0,0,0,0,0,0,0,0,0,0,0,0,0,0,0,0,0,0,0,0,0,0,0,0,0,0,0,0,0,0,0,0,0,0,0,0,0,0,0,0,0,0,0,0,0,0,0,0,0,0,0,0,0,0,0,0,0,0,0,0,0,0,0,0,0,0,0,0,0,0,0,0,0,0,0,0,0,0,0,0,0,0,0,0,0,0,0,0,0,0,0,0,0,0,0,1,4,9,13,19,25,35,49,59,71,78,93,108,118,133,146,164,176,189,201,203,214,233,243,248,269,276,289,295,316,317,321,332,337,356,361,364,372,373,382,385,401,402,405,406,414,429,431,432,437,438,441,442,448,451,451,454,456,456,457,458,461,461,461,461,461,461
9,8,8,8,8,8,8,8,8,8,8,8,7,3,3,1,1,0,0,0,0,0,0,0,0,0,0,0,0,0,0,0,0,0,0,0,0,0,0,0,0,0,0,0,0,0,0,0,0,0,0,0,0,0,0,0,0,0,0,0,0,0,0,0,0,0,0,0,0,0,0,0,0,0,0,0,0,0,0,0,0,0,0,0,0,0,0,0,0,0,0,0,0,0,0,0,0,0,0,0,0,0,0,0,0,0,0,0,0,0,0,0,0,0,0,0,0,0,0,0,0,0,0,0,0,0,0,0,0,0,0,1,2,4,7,10,14,20,25,33,40,53,67,89,104,122,138,147,161,173,194,202,226,240,253,269,280,294,305,316,319,342,343,355,361,377,380,385,392,397,404,410,413,417,427,434,434,436,439,449,449,449,449,453,453,454,454,457,457,457,457,458,461,464,466,468,468,468,469,470
9,8,8,8,8,8,8,8,8,8,8,7,6,5,4,1,1,1,1,1,0,0,0,0,0,0,0,0,0,0,0,0,0,0,0,0,0,0,0,0,0,0,0,0,0,0,0,0,0,0,0,0,0,0,0,0,0,0,0,0,0,0,0,0,0,0,0,0,0,0,0,0,0,0,0,0,0,0,0,0,0,0,0,0,0,0,0,0,0,0,0,0,0,0,0,0,0,0,0,0,0,0,0,0,0,0,0,0,0,0,0,0,0,0,0,0,0,0,0,0,0,0,0,0,0,0,0,0,0,0,1,1,1,1,3,5,7,10,18,22,34,48,61,72,77,86,103,117,142,151,164,178,193,214,228,237,259,273,279,296,305,312,316,321,342,343,359,362,366,382,386,388,397,404,410,414,423,423,427,431,437,445,445,447,448,449,455,458,458,459,459,460,460,461,462,462,462,463,463,464
9,8,8,8,8,8,8,8,8,8,8,8,7,6,3,3,2,1,1,0,0,0,0,0,0,0,0,0,0,0,0,0,0,0,0,0,0,0,0,0,0,0,0,0,0,0,0,0,0,0,0,0,0,0,0,0,0,0,0,0,0,0,0,0,0,0,0,0,0,0,0,0,0,0,0,0,0,0,0,0,0,0,0,0,0,0,0,0,0,0,0,0,0,0,0,0,0,0,0,0,0,0,0,0,0,0,0,0,0,0,0,0,0,0,0,0,0,0,0,0,0,0,0,0,0,0,0,0,0,0,0,0,0,1,1,1,6,12,17,23,31,39,53,63,73,93,109,126,141,166,180,197,213,218,233,253,263,281,297,302,325,331,341,344,360,365,367,378,380,384,393,395,401,416,417,418,421,424,428,431,445,445,445,448,448,459,461,462,462,463,463,466,467,468,468,468,470,470,470,470
9,8,8,8,8,8,8,8,8,8,8,8,6,4,3,2,1,0,0,0,0,0,0,0,0,0,0,0,0,0,0,0,0,0,0,0,0,0,0,0,0,0,0,0,0,0,0,0,0,0,0,0,0,0,0,0,0,0,0,0,0,0,0,0,0,0,0,0,0,0,0,0,0,0,0,0,0,0,0,0,0,0,0,0,0,0,0,0,0,0,0,0,0,0,0,0,0,0,0,0,0,0,0,0,0,0,0,0,0,0,0,0,0,0,0,0,0,0,0,0,0,0,0,0,0,0,0,0,0,0,0,0,1,1,2,5,8,15,22,32,40,51,57,71,81,95,112,127,145,164,175,198,207,225,240,249,273,280,292,316,321,334,338,353,359,361,370,373,377,383,390,397,409,409,414,427,434,435,439,439,440,444,447,449,450,450,451,455,455,456,458,458,460,461,461,461,461,462,463,464
9,8,8,8,8,8,8,8,8,8,8,8,6,4,2,1,1,0,0,0,0,0,0,0,0,0,0,0,0,0,0,0,0,0,0,0,0,0,0,0,0,0,0,0,0,0,0,0,0,0,0,0,0,0,0,0,0,0,0,0,0,0,0,0,0,0,0,0,0,0,0,0,0,0,0,0,0,0,0,0,0,0,0,0,0,0,0,0,0,0,0,0,0,0,0,0,0,0,0,0,0,0,0,0,0,0,0,0,0,0,0,0,0,0,0,0,0,0,0,0,0,0,0,0,0,0,0,0,0,0,0,0,2,2,6,11,13,16,17,20,27,41,54,61,75,79,89,99,117,132,151,163,190,206,213,235,242,253,259,283,285,299,310,328,331,334,356,362,379,380,382,398,399,403,409,409,411,415,426,427,431,431,432,446,450,451,454,457,461,461,461,462,462,463,465,465,466,467,467,468
9,8,8,8,8,8,8,8,8,8,8,7,6,4,2,1,1,1,0,0,0,0,0,0,0,0,0,0,0,0,0,0,0,0,0,0,0,0,0,0,0,0,0,0,0,0,0,0,0,0,0,0,0,0,0,0,0,0,0,0,0,0,0,0,0,0,0,0,0,0,0,0,0,0,0,0,0,0,0,0,0,0,0,0,0,0,0,0,0,0,0,0,0,0,0,0,0,0,0,0,0,0,0,0,0,0,0,0,0,0,0,0,0,0,0,0,0,0,0,0,0,0,0,0,0,0,0,0,0,0,0,0,0,0,1,4,8,9,14,20,28,34,42,57,75,91,103,124,134,160,177,189,200,216,232,247,261,276,285,295,302,325,330,338,361,365,374,383,386,392,405,405,407,412,415,418,425,425,428,431,447,449,449,450,452,453,453,454,455,462,462,462,462,462,463,463,465,465,467,468
9,8,8,8,8,8,8,8,8,8,8,8,8,5,3,3,1,0,0,0,0,0,0,0,0,0,0,0,0,0,0,0,0,0,0,0,0,0,0,0,0,0,0,0,0,0,0,0,0,0,0,0,0,0,0,0,0,0,0,0,0,0,0,0,0,0,0,0,0,0,0,0,0,0,0,0,0,0,0,0,0,0,0,0,0,0,0,0,0,0,0,0,0,0,0,0,0,0,0,0,0,0,0,0,0,0,0,0,0,0,0,0,0,0,0,0,0,0,0,0,0,0,0,0,0,0,0,0,0,0,0,1,2,3,4,4,7,9,15,19,26,40,50,65,80,92,115,129,137,143,157,171,181,206,222,230,253,267,268,295,298,305,310,323,330,344,345,366,371,381,390,392,396,410,412,414,419,421,424,426,436,437,441,442,442,442,456,457,458,459,459,459,459,459,460,460,461,461,462,465
9,8,8,8,8,8,8,8,8,8,8,8,6,3,2,1,1,1,0,0,0,0,0,0,0,0,0,0,0,0,0,0,0,0,0,0,0,0,0,0,0,0,0,0,0,0,0,0,0,0,0,0,0,0,0,0,0,0,0,0,0,0,0,0,0,0,0,0,0,0,0,0,0,0,0,0,0,0,0,0,0,0,0,0,0,0,0,0,0,0,0,0,0,0,0,0,0,0,0,0,0,0,0,0,0,0,0,0,0,0,0,0,0,0,0,0,0,0,0,0,0,0,0,0,0,0,0,0,0,0,0,0,0,1,2,4,8,11,21,33,42,53,59,72,84,97,105,125,140,152,176,191,210,224,238,257,274,281,292,309,312,330,333,343,345,369,373,378,387,394,398,411,411,411,417,421,425,431,431,433,433,446,446,446,447,448,450,452,454,454,455,456,458,459,460,461,461,461,461,461
9,8,8,8,8,8,8,8,8,8,8,8,6,3,2,1,0,0,0,0,0,0,0,0,0,0,0,0,0,0,0,0,0,0,0,0,0,0,0,0,0,0,0,0,0,0,0,0,0,0,0,0,0,0,0,0,0,0,0,0,0,0,0,0,0,0,0,0,0,0,0,0,0,0,0,0,0,0,0,0,0,0,0,0,0,0,0,0,0,0,0,0,0,0,0,0,0,0,0,0,0,0,0,0,0,0,0,0,0,0,0,0,0,0,0,0,0,0,0,0,0,0,0,0,0,0,0,0,0,0,0,0,0,1,1,3,9,17,27,31,38,55,66,78,99,108,127,137,154,166,184,199,210,229,248,265,280,289,292,314,321,334,337,352,356,359,369,371,380,396,396,399,409,411,417,422,422,424,427,447,448,450,450,452,453,454,456,457,458,460,462,464,464,464,464,464,466,466,467,469
9,8,8,8,8,8,8,8,8,8,8,8,8,8,6,2,1,1,1,0,0,0,0,0,0,0,0,0,0,0,0,0,0,0,0,0,0,0,0,0,0,0,0,0,0,0,0,0,0,0,0,0,0,0,0,0,0,0,0,0,0,0,0,0,0,0,0,0,0,0,0,0,0,0,0,0,0,0,0,0,0,0,0,0,0,0,0,0,0,0,0,0,0,0,0,0,0,0,0,0,0,0,0,0,0,0,0,0,0,0,0,0,0,0,0,0,0,0,0,0,0,0,0,0,0,0,0,0,0,0,0,0,0,1,3,5,8,12,16,24,37,47,58,73,88,104,118,126,143,151,169,182,200,215,225,241,252,255,263,288,293,304,311,335,335,351,356,376,376,378,386,388,389,400,400,401,406,426,428,431,433,438,440,440,441,447,449,460,460,460,460,460,461,462,465,466,467,467,469,471
9,8,8,8,8,8,8,8,8,8,8,8,7,5,4,3,1,0,0,0,0,0,0,0,0,0,0,0,0,0,0,0,0,0,0,0,0,0,0,0,0,0,0,0,0,0,0,0,0,0,0,0,0,0,0,0,0,0,0,0,0,0,0,0,0,0,0,0,0,0,0,0,0,0,0,0,0,0,0,0,0,0,0,0,0,0,0,0,0,0,0,0,0,0,0,0,0,0,0,0,0,0,0,0,0,0,0,0,0,0,0,0,0,0,0,0,0,0,0,0,0,0,0,0,0,0,0,0,0,0,0,1,1,2,2,5,7,12,18,25,32,44,63,68,79,96,108,120,135,143,165,173,196,215,224,247,259,270,280,295,298,311,319,332,344,347,352,374,376,380,387,392,399,410,414,415,416,430,431,433,433,439,439,442,445,445,446,448,450,452,452,455,457,457,461,463,464,465,466,466
9,8,8,8,8,8,8,8,8,8,8,8,8,5,2,0,0,0,0,0,0,0,0,0,0,0,0,0,0,0,0,0,0,0,0,0,0,0,0,0,0,0,0,0,0,0,0,0,0,0,0,0,0,0,0,0,0,0,0,0,0,0,0,0,0,0,0,0,0,0,0,0,0,0,0,0,0,0,0,0,0,0,0,0,0,0,0,0,0,0,0,0,0,0,0,0,0,0,0,0,0,0,0,0,0,0,0,0,0,0,0,0,0,0,0,0,0,0,0,0,0,0,0,0,0,0,0,0,0,0,0,0,0,3,4,11,15,23,32,36,43,53,66,73,82,92,111,126,148,168,183,195,208,222,236,246,267,272,286,296,320,323,339,343,358,360,369,372,379,389,389,391,408,408,409,413,429,431,433,434,441,441,441,443,444,455,457,459,459,459,459,459,459,459,459,461,466,468,468,470
9,8,8,8,8,8,8,8,8,8,8,8,7,4,2,0,0,0,0,0,0,0,0,0,0,0,0,0,0,0,0,0,0,0,0,0,0,0,0,0,0,0,0,0,0,0,0,0,0,0,0,0,0,0,0,0,0,0,0,0,0,0,0,0,0,0,0,0,0,0,0,0,0,0,0,0,0,0,0,0,0,0,0,0,0,0,0,0,0,0,0,0,0,0,0,0,0,0,0,0,0,0,0,0,0,0,0,0,0,0,0,0,0,0,0,0,0,0,0,0,0,0,0,0,0,0,0,0,0,0,0,0,0,1,2,4,8,13,18,24,33,39,47,59,79,84,102,122,137,150,170,181,189,200,206,220,244,252,260,281,291,311,316,332,339,344,365,374,388,389,391,398,399,402,411,413,414,418,436,439,440,440,446,446,447,449,449,454,454,454,454,455,455,458,460,463,463,463,463,464
9,8,8,8,8,8,8,8,8,8,8,8,5,2,2,2,0,0,0,0,0,0,0,0,0,0,0,0,0,0,0,0,0,0,0,0,0,0,0,0,0,0,0,0,0,0,0,0,0,0,0,0,0,0,0,0,0,0,0,0,0,0,0,0,0,0,0,0,0,0,0,0,0,0,0,0,0,0,0,0,0,0,0,0,0,0,0,0,0,0,0,0,0,0,0,0,0,0,0,0,0,0,0,0,0,0,0,0,0,0,0,0,0,0,0,0,0,0,0,0,0,0,0,0,0,0,0,0,0,0,0,0,0,1,3,6,8,12,17,33,44,49,61,81,93,108,119,133,144,166,183,194,209,221,237,261,271,290,298,311,315,329,332,344,347,357,375,375,380,393,396,399,406,408,411,423,426,427,429,440,441,443,443,450,451,451,451,452,452,460,460,461,462,462,462,462,464,464,464,465
9,8,8,8,8,8,8,8,8,8,8,8,6,5,3,1,1,1,0,0,0,0,0,0,0,0,0,0,0,0,0,0,0,0,0,0,0,0,0,0,0,0,0,0,0,0,0,0,0,0,0,0,0,0,0,0,0,0,0,0,0,0,0,0,0,0,0,0,0,0,0,0,0,0,0,0,0,0,0,0,0,0,0,0,0,0,0,0,0,0,0,0,0,0,0,0,0,0,0,0,0,0,0,0,0,0,0,0,0,0,0,0,0,0,0,0,0,0,0,0,0,0,0,0,0,0,0,0,0,0,0,1,1,1,2,3,5,5,12,18,27,38,52,59,74,87,99,113,123,139,163,183,197,220,232,242,263,271,284,308,310,318,324,329,340,341,343,369,369,372,382,385,391,395,412,415,415,418,419,430,432,434,434,434,436,445,446,451,453,455,455,456,458,459,459,460,461,461,463,464
9,8,8,8,8,8,8,8,8,8,8,8,5,4,2,1,1,0,0,0,0,0,0,0,0,0,0,0,0,0,0,0,0,0,0,0,0,0,0,0,0,0,0,0,0,0,0,0,0,0,0,0,0,0,0,0,0,0,0,0,0,0,0,0,0,0,0,0,0,0,0,0,0,0,0,0,0,0,0,0,0,0,0,0,0,0,0,0,0,0,0,0,0,0,0,0,0,0,0,0,0,0,0,0,0,0,0,0,0,0,0,0,0,0,0,0,0,0,0,0,0,0,0,0,0,0,0,0,0,0,0,0,1,4,9,9,15,16,21,31,39,47,65,75,95,106,123,140,151,161,179,188,209,228,241,252,263,265,280,290,299,301,331,338,342,347,364,368,371,380,384,386,404,407,409,412,425,429,431,432,441,442,443,443,447,455,456,457,458,459,460,461,462,465,466,466,467,467,470,470
9,8,8,8,8,8,8,8,8,8,8,7,5,3,2,1,1,0,0,0,0,0,0,0,0,0,0,0,0,0,0,0,0,0,0,0,0,0,0,0,0,0,0,0,0,0,0,0,0,0,0,0,0,0,0,0,0,0,0,0,0,0,0,0,0,0,0,0,0,0,0,0,0,0,0,0,0,0,0,0,0,0,0,0,0,0,0,0,0,0,0,0,0,0,0,0,0,0,0,0,0,0,0,0,0,0,0,0,0,0,0,0,0,0,0,0,0,0,0,0,0,0,0,0,0,0,0,0,0,0,0,0,0,3,4,9,10,14,19,32,40,52,62,72,89,100,110,123,142,154,166,186,197,211,234,243,259,269,283,290,305,310,316,334,339,362,365,366,380,384,388,400,401,402,408,420,422,427,428,433,436,439,441,446,447,450,451,452,452,455,457,460,460,461,463,464,464,465,465,465
9,8,8,8,8,8,8,8,8,8,8,7,5,4,3,2,1,1,1,0,0,0,0,0,0,0,0,0,0,0,0,0,0,0,0,0,0,0,0,0,0,0,0,0,0,0,0,0,0,0,0,0,0,0,0,0,0,0,0,0,0,0,0,0,0,0,0,0,0,0,0,0,0,0,0,0,0,0,0,0,0,0,0,0,0,0,0,0,0,0,0,0,0,0,0,0,0,0,0,0,0,0,0,0,0,0,0,0,0,0,0,0,0,0,0,0,0,0,0,0,0,0,0,0,0,0,0,0,0,0,0,0,0,5,5,8,11,12,17,25,31,46,54,66,87,109,123,131,147,167,179,205,218,232,242,251,265,272,285,291,303,314,320,326,348,351,367,371,373,390,393,398,403,406,412,418,425,425,427,430,438,439,439,443,445,445,452,453,454,455,457,458,459,460,461,461,464,464,464,465
9,8,8,8,8,8,8,8,8,8,8,8,7,3,1,0,0,0,0,0,0,0,0,0,0,0,0,0,0,0,0,0,0,0,0,0,0,0,0,0,0,0,0,0,0,0,0,0,0,0,0,0,0,0,0,0,0,0,0,0,0,0,0,0,0,0,0,0,0,0,0,0,0,0,0,0,0,0,0,0,0,0,0,0,0,0,0,0,0,0,0,0,0,0,0,0,0,0,0,0,0,0,0,0,0,0,0,0,0,0,0,0,0,0,0,0,0,0,0,0,0,0,0,0,0,0,0,0,0,0,0,0,0,1,3,5,8,15,21,31,38,45,65,74,87,100,115,128,152,168,187,198,223,233,240,254,264,271,284,307,310,320,329,341,343,346,360,363,367,379,383,389,406,408,410,412,433,434,437,438,439,442,443,446,448,455,455,455,455,457,458,458,459,460,464,467,467,467,467,467
9,8,8,8,8,8,8,8,8,8,8,8,7,7,3,1,1,1,0,0,0,0,0,0,0,0,0,0,0,0,0,0,0,0,0,0,0,0,0,0,0,0,0,0,0,0,0,0,0,0,0,0,0,0,0,0,0,0,0,0,0,0,0,0,0,0,0,0,0,0,0,0,0,0,0,0,0,0,0,0,0,0,0,0,0,0,0,0,0,0,0,0,0,0,0,0,0,0,0,0,0,0,0,0,0,0,0,0,0,0,0,0,0,0,0,0,0,0,0,0,0,0,0,0,0,0,0,0,0,0,0,0,0,0,2,4,9,11,17,22,31,39,50,64,77,94,108,122,136,156,171,188,196,219,230,248,264,275,280,301,305,314,317,339,340,343,348,354,360,375,376,378,384,402,407,408,411,423,429,432,433,439,445,447,447,449,450,451,452,457,457,465,466,467,467,469,469,470,470,470
9,8,8,8,8,8,8,8,8,8,8,7,7,3,3,1,1,1,0,0,0,0,0,0,0,0,0,0,0,0,0,0,0,0,0,0,0,0,0,0,0,0,0,0,0,0,0,0,0,0,0,0,0,0,0,0,0,0,0,0,0,0,0,0,0,0,0,0,0,0,0,0,0,0,0,0,0,0,0,0,0,0,0,0,0,0,0,0,0,0,0,0,0,0,0,0,0,0,0,0,0,0,0,0,0,0,0,0,0,0,0,0,0,0,0,0,0,0,0,0,0,0,0,0,0,0,0,0,0,0,0,0,0,0,3,7,8,15,22,30,36,45,61,71,85,99,107,118,136,148,164,181,192,207,230,241,256,262,268,302,311,325,334,353,355,372,374,380,394,395,398,405,408,411,420,421,421,425,425,427,429,433,442,444,446,449,450,450,451,457,459,463,466,467,469,471,471,472,472,472
9,8,8,8,8,8,8,8,8,8,7,7,5,3,1,1,0,0,0,0,0,0,0,0,0,0,0,0,0,0,0,0,0,0,0,0,0,0,0,0,0,0,0,0,0,0,0,0,0,0,0,0,0,0,0,0,0,0,0,0,0,0,0,0,0,0,0,0,0,0,0,0,0,0,0,0,0,0,0,0,0,0,0,0,0,0,0,0,0,0,0,0,0,0,0,0,0,0,0,0,0,0,0,0,0,0,0,0,0,0,0,0,0,0,0,0,0,0,0,0,0,0,0,0,0,0,0,0,0,0,1,2,2,4,7,8,15,19,26,32,41,57,71,81,99,107,121,137,158,174,185,199,214,233,248,257,274,288,293,316,326,340,342,356,360,364,379,379,384,396,398,401,414,416,417,418,430,435,438,443,447,447,448,450,452,462,462,462,462,466,466,468,469,471,472,474,474,474,474,474
9,8,8,8,8,8,8,8,8,8,8,8,7,4,3,2,1,0,0,0,0,0,0,0,0,0,0,0,0,0,0,0,0,0,0,0,0,0,0,0,0,0,0,0,0,0,0,0,0,0,0,0,0,0,0,0,0,0,0,0,0,0,0,0,0,0,0,0,0,0,0,0,0,0,0,0,0,0,0,0,0,0,0,0,0,0,0,0,0,0,0,0,0,0,0,0,0,0,0,0,0,0,0,0,0,0,0,0,0,0,0,0,0,0,0,0,0,0,0,0,0,0,0,0,0,0,0,0,0,0,0,0,0,0,3,6,10,18,23,34,43,55,61,71,85,101,117,123,139,153,177,194,203,219,230,242,263,272,275,291,300,312,315,335,340,349,357,362,368,383,383,385,398,400,406,409,417,418,421,422,426,438,440,440,440,441,442,443,445,449,452,456,462,462,463,463,463,463,463,466
9,8,8,8,8,8,8,8,8,8,8,8,5,3,1,0,0,0,0,0,0,0,0,0,0,0,0,0,0,0,0,0,0,0,0,0,0,0,0,0,0,0,0,0,0,0,0,0,0,0,0,0,0,0,0,0,0,0,0,0,0,0,0,0,0,0,0,0,0,0,0,0,0,0,0,0,0,0,0,0,0,0,0,0,0,0,0,0,0,0,0,0,0,0,0,0,0,0,0,0,0,0,0,0,0,0,0,0,0,0,0,0,0,0,0,0,0,0,0,0,0,0,0,0,0,0,0,0,0,0,0,1,3,4,7,9,12,20,28,40,52,72,80,95,111,117,130,142,161,180,193,216,222,240,252,262,278,295,299,312,321,333,333,353,362,366,377,381,389,398,398,402,418,418,419,423,426,428,437,438,438,438,444,445,446,448,451,454,456,456,456,457,459,460,463,464,466,467,468,471
9,8,8,8,8,8,8,8,8,8,8,7,5,3,2,1,1,0,0,0,0,0,0,0,0,0,0,0,0,0,0,0,0,0,0,0,0,0,0,0,0,0,0,0,0,0,0,0,0,0,0,0,0,0,0,0,0,0,0,0,0,0,0,0,0,0,0,0,0,0,0,0,0,0,0,0,0,0,0,0,0,0,0,0,0,0,0,0,0,0,0,0,0,0,0,0,0,0,0,0,0,0,0,0,0,0,0,0,0,0,0,0,0,0,0,0,0,0,0,0,0,0,0,0,0,0,0,0,0,0,0,0,0,4,6,8,12,19,27,39,50,60,73,84,92,109,115,130,145,163,175,188,209,219,233,250,261,267,291,302,317,325,346,351,352,376,377,381,390,393,396,412,414,416,427,429,432,433,436,442,444,446,451,451,451,453,459,460,460,461,461,461,461,464,466,466,467,467,467,468
9,8,8,8,8,8,8,8,8,8,8,7,5,3,2,1,1,0,0,0,0,0,0,0,0,0,0,0,0,0,0,0,0,0,0,0,0,0,0,0,0,0,0,0,0,0,0,0,0,0,0,0,0,0,0,0,0,0,0,0,0,0,0,0,0,0,0,0,0,0,0,0,0,0,0,0,0,0,0,0,0,0,0,0,0,0,0,0,0,0,0,0,0,0,0,0,0,0,0,0,0,0,0,0,0,0,0,0,0,0,0,0,0,0,0,0,0,0,0,0,0,0,0,0,0,0,0,0,0,0,0,1,1,1,3,8,12,17,20,25,37,47,52,66,80,97,118,133,159,168,181,205,215,229,243,253,278,284,292,307,317,330,332,353,362,362,374,377,382,395,398,399,411,416,419,425,426,429,444,445,446,449,450,451,453,461,462,464,465,468,469,469,469,469,470,470,471,471,471,471
9,8,8,8,8,8,8,8,8,8,8,8,4,2,1,0,0,0,0,0,0,0,0,0,0,0,0,0,0,0,0,0,0,0,0,0,0,0,0,0,0,0,0,0,0,0,0,0,0,0,0,0,0,0,0,0,0,0,0,0,0,0,0,0,0,0,0,0,0,0,0,0,0,0,0,0,0,0,0,0,0,0,0,0,0,0,0,0,0,0,0,0,0,0,0,0,0,0,0,0,0,0,0,0,0,0,0,0,0,0,0,0,0,0,0,0,0,0,0,0,0,0,0,0,0,0,0,0,0,0,0,0,2,2,4,6,9,15,23,30,40,51,59,73,83,98,112,128,147,161,174,194,209,219,238,251,256,264,287,291,309,315,334,337,349,352,372,376,378,396,399,401,408,408,411,421,425,427,429,434,435,436,438,440,452,453,453,454,454,456,457,457,458,461,464,466,466,468,468,468
9,8,8,8,8,8,8,8,8,8,8,8,8,6,4,2,1,1,1,1,1,0,0,0,0,0,0,0,0,0,0,0,0,0,0,0,0,0,0,0,0,0,0,0,0,0,0,0,0,0,0,0,0,0,0,0,0,0,0,0,0,0,0,0,0,0,0,0,0,0,0,0,0,0,0,0,0,0,0,0,0,0,0,0,0,0,0,0,0,0,0,0,0,0,0,0,0,0,0,0,0,0,0,0,0,0,0,0,0,0,0,0,0,0,0,0,0,0,0,0,0,0,0,0,0,0,0,0,0,0,0,1,1,1,1,4,6,8,12,21,27,36,52,63,72,87,99,114,123,138,157,174,181,191,215,225,243,255,261,271,291,296,306,312,327,333,346,353,367,370,377,384,384,387,392,409,410,414,416,429,431,435,437,439,441,444,444,446,448,448,450,457,457,459,460,460,461,462,463,463
9,8,8,8,8,8,8,8,8,8,8,7,6,4,2,0,0,0,0,0,0,0,0,0,0,0,0,0,0,0,0,0,0,0,0,0,0,0,0,0,0,0,0,0,0,0,0,0,0,0,0,0,0,0,0,0,0,0,0,0,0,0,0,0,0,0,0,0,0,0,0,0,0,0,0,0,0,0,0,0,0,0,0,0,0,0,0,0,0,0,0,0,0,0,0,0,0,0,0,0,0,0,0,0,0,0,0,0,0,0,0,0,0,0,0,0,0,0,0,0,0,0,0,0,0,0,0,0,0,0,0,1,1,3,6,9,11,16,21,28,38,43,57,75,91,116,128,150,156,173,185,202,220,235,250,265,272,282,308,314,328,331,345,347,350,366,369,372,387,391,398,408,409,409,428,430,431,437,438,439,441,444,444,445,447,447,453,456,458,460,461,461,462,463,465,467,467,468,468,468
9,8,8,8,8,8,8,8,8,8,8,8,7,5,4,2,2,1,1,0,0,0,0,0,0,0,0,0,0,0,0,0,0,0,0,0,0,0,0,0,0,0,0,0,0,0,0,0,0,0,0,0,0,0,0,0,0,0,0,0,0,0,0,0,0,0,0,0,0,0,0,0,0,0,0,0,0,0,0,0,0,0,0,0,0,0,0,0,0,0,0,0,0,0,0,0,0,0,0,0,0,0,0,0,0,0,0,0,0,0,0,0,0,0,0,0,0,0,0,0,0,0,0,0,0,0,0,0,0,0,0,0,1,1,1,3,5,10,17,22,28,40,50,60,71,86,96,114,125,141,158,171,188,207,219,233,243,259,275,291,298,315,320,332,334,350,356,371,373,375,395,401,403,407,407,408,425,428,429,429,434,436,438,439,442,446,447,448,449,449,451,452,452,454,455,459,461,463,463,463
9,8,8,8,8,8,8,8,8,8,8,8,6,3,1,1,1,0,0,0,0,0,0,0,0,0,0,0,0,0,0,0,0,0,0,0,0,0,0,0,0,0,0,0,0,0,0,0,0,0,0,0,0,0,0,0,0,0,0,0,0,0,0,0,0,0,0,0,0,0,0,0,0,0,0,0,0,0,0,0,0,0,0,0,0,0,0,0,0,0,0,0,0,0,0,0,0,0,0,0,0,0,0,0,0,0,0,0,0,0,0,0,0,0,0,0,0,0,0,0,0,0,0,0,0,0,0,0,0,0,0,0,0,1,2,8,11,14,23,34,42,51,61,75,85,102,116,133,149,165,181,189,202,215,224,237,253,261,285,292,313,316,333,342,354,357,366,369,375,383,388,394,413,414,415,417,423,426,428,434,439,439,439,440,442,445,453,453,454,454,455,456,457,457,458,458,460,463,464,466
9,8,8,8,8,8,8,8,8,8,8,6,5,1,1,1,1,1,0,0,0,0,0,0,0,0,0,0,0,0,0,0,0,0,0,0,0,0,0,0,0,0,0,0,0,0,0,0,0,0,0,0,0,0,0,0,0,0,0,0,0,0,0,0,0,0,0,0,0,0,0,0,0,0,0,0,0,0,0,0,0,0,0,0,0,0,0,0,0,0,0,0,0,0,0,0,0,0,0,0,0,0,0,0,0,0,0,0,0,0,0,0,0,0,0,0,0,0,0,0,0,0,0,0,0,0,0,0,0,0,0,1,1,3,5,10,12,16,23,27,32,50,57,70,85,99,114,131,146,169,178,201,218,228,254,262,276,293,297,310,320,336,340,355,361,366,367,370,388,390,395,401,403,408,423,423,425,427,434,435,435,437,447,448,448,450,451,458,458,458,458,458,458,458,459,460,460,462,462,462
9,8,8,8,8,8,8,8,8,8,8,8,8,5,3,1,1,1,0,0,0,0,0,0,0,0,0,0,0,0,0,0,0,0,0,0,0,0,0,0,0,0,0,0,0,0,0,0,0,0,0,0,0,0,0,0,0,0,0,0,0,0,0,0,0,0,0,0,0,0,0,0,0,0,0,0,0,0,0,0,0,0,0,0,0,0,0,0,0,0,0,0,0,0,0,0,0,0,0,0,0,0,0,0,0,0,0,0,0,0,0,0,0,0,0,0,0,0,0,0,0,0,0,0,0,0,0,0,0,0,0,0,0,1,1,3,6,12,16,24,34,46,62,76,91,103,121,133,151,167,188,200,219,233,243,255,266,273,281,299,302,321,331,343,345,365,369,379,379,384,400,404,406,415,419,425,436,436,437,438,448,450,451,451,455,456,456,456,463,464,465,465,465,465,465,465,465,465,466,466
9,8,8,8,8,8,8,8,8,8,8,8,5,5,4,1,0,0,0,0,0,0,0,0,0,0,0,0,0,0,0,0,0,0,0,0,0,0,0,0,0,0,0,0,0,0,0,0,0,0,0,0,0,0,0,0,0,0,0,0,0,0,0,0,0,0,0,0,0,0,0,0,0,0,0,0,0,0,0,0,0,0,0,0,0,0,0,0,0,0,0,0,0,0,0,0,0,0,0,0,0,0,0,0,0,0,0,0,0,0,0,0,0,0,0,0,0,0,0,0,0,0,0,0,0,0,0,0,0,0,0,0,0,0,2,2,7,12,21,29,35,44,55,64,74,88,101,122,133,151,175,189,215,229,245,257,267,277,290,302,306,322,326,342,344,368,372,378,389,393,397,409,409,411,420,422,422,429,431,431,433,442,442,445,446,448,449,449,456,458,459,461,461,462,462,463,464,465,467,467
9,8,8,8,8,8,8,8,8,8,8,7,7,6,4,0,0,0,0,0,0,0,0,0,0,0,0,0,0,0,0,0,0,0,0,0,0,0,0,0,0,0,0,0,0,0,0,0,0,0,0,0,0,0,0,0,0,0,0,0,0,0,0,0,0,0,0,0,0,0,0,0,0,0,0,0,0,0,0,0,0,0,0,0,0,0,0,0,0,0,0,0,0,0,0,0,0,0,0,0,0,0,0,0,0,0,0,0,0,0,0,0,0,0,0,0,0,0,0,0,0,0,0,0,0,0,0,0,0,0,0,1,1,2,4,6,8,14,23,28,40,46,61,72,89,104,116,138,149,160,184,192,216,231,244,264,279,291,302,315,316,341,345,351,357,366,371,372,385,388,392,400,400,404,409,424,426,427,429,432,435,437,440,442,450,450,450,451,451,451,453,456,458,460,460,463,465,467,468,469
9,8,8,8,8,8,8,8,8,8,8,8,7,4,3,2,1,0,0,0,0,0,0,0,0,0,0,0,0,0,0,0,0,0,0,0,0,0,0,0,0,0,0,0,0,0,0,0,0,0,0,0,0,0,0,0,0,0,0,0,0,0,0,0,0,0,0,0,0,0,0,0,0,0,0,0,0,0,0,0,0,0,0,0,0,0,0,0,0,0,0,0,0,0,0,0,0,0,0,0,0,0,0,0,0,0,0,0,0,0,0,0,0,0,0,0,0,0,0,0,0,0,0,0,0,0,0,0,0,0,0,0,0,2,4,7,9,16,20,27,34,39,51,59,76,92,110,119,144,155,181,192,212,226,233,252,265,269,276,300,306,322,328,342,345,345,369,376,381,390,390,396,402,407,409,412,423,426,429,433,437,438,439,441,444,447,456,457,459,459,461,462,463,465,466,468,469,469,469,470
9,8,8,8,8,8,8,8,8,8,8,8,5,5,1,1,1,0,0,0,0,0,0,0,0,0,0,0,0,0,0,0,0,0,0,0,0,0,0,0,0,0,0,0,0,0,0,0,0,0,0,0,0,0,0,0,0,0,0,0,0,0,0,0,0,0,0,0,0,0,0,0,0,0,0,0,0,0,0,0,0,0,0,0,0,0,0,0,0,0,0,0,0,0,0,0,0,0,0,0,0,0,0,0,0,0,0,0,0,0,0,0,0,0,0,0,0,0,0,0,0,0,0,0,0,0,0,0,0,0,0,0,0,0,1,1,6,10,20,27,40,47,55,66,80,94,109,123,144,158,175,186,202,215,233,249,256,265,283,297,300,324,332,347,347,368,372,376,387,389,393,404,404,405,416,421,424,428,428,429,436,441,445,445,445,447,450,451,452,457,457,460,464,464,464,464,466,466,467,469
9,8,8,8,8,8,8,8,8,8,8,8,7,3,2,1,1,0,0,0,0,0,0,0,0,0,0,0,0,0,0,0,0,0,0,0,0,0,0,0,0,0,0,0,0,0,0,0,0,0,0,0,0,0,0,0,0,0,0,0,0,0,0,0,0,0,0,0,0,0,0,0,0,0,0,0,0,0,0,0,0,0,0,0,0,0,0,0,0,0,0,0,0,0,0,0,0,0,0,0,0,0,0,0,0,0,0,0,0,0,0,0,0,0,0,0,0,0,0,0,0,0,0,0,0,0,0,0,0,0,0,0,0,1,3,8,11,16,24,33,39,45,63,72,90,108,123,138,160,168,183,200,213,225,234,250,262,265,284,292,307,310,334,339,342,352,358,377,378,380,391,398,405,415,415,419,420,428,429,431,434,438,438,438,440,446,452,453,455,457,457,458,460,461,462,462,465,467,469,469
9,8,8,8,8,8,8,8,8,8,8,8,8,7,3,2,1,1,1,0,0,0,0,0,0,0,0,0,0,0,0,0,0,0,0,0,0,0,0,0,0,0,0,0,0,0,0,0,0,0,0,0,0,0,0,0,0,0,0,0,0,0,0,0,0,0,0,0,0,0,0,0,0,0,0,0,0,0,0,0,0,0,0,0,0,0,0,0,0,0,0,0,0,0,0,0,0,0,0,0,0,0,0,0,0,0,0,0,0,0,0,0,0,0,0,0,0,0,0,0,0,0,0,0,0,0,0,0,0,0,0,0,1,3,4,5,8,13,20,30,40,47,57,66,76,87,103,126,140,152,171,179,199,218,226,253,270,274,283,304,309,318,328,343,349,351,371,375,381,391,395,399,407,407,410,416,418,423,426,433,433,435,435,438,444,450,452,453,454,455,455,455,456,457,457,457,461,466,468,469
9,8,8,8,8,8,8,8,8,8,8,7,7,4,3,1,1,1,0,0,0,0,0,0,0,0,0,0,0,0,0,0,0,0,0,0,0,0,0,0,0,0,0,0,0,0,0,0,0,0,0,0,0,0,0,0,0,0,0,0,0,0,0,0,0,0,0,0,0,0,0,0,0,0,0,0,0,0,0,0,0,0,0,0,0,0,0,0,0,0,0,0,0,0,0,0,0,0,0,0,0,0,0,0,0,0,0,0,0,0,0,0,0,0,0,0,0,0,0,0,0,0,0,0,0,0,0,0,0,0,0,1,1,1,2,3,7,14,25,33,45,51,59,73,94,108,118,133,146,161,181,193,212,223,238,253,262,272,291,298,314,320,333,334,339,372,375,379,395,400,402,410,410,416,429,430,431,432,433,435,437,443,443,443,444,446,449,459,459,459,459,460,462,462,462,464,464,464,465,466
9,8,8,8,8,8,8,8,8,8,8,7,7,4,4,3,1,0,0,0,0,0,0,0,0,0,0,0,0,0,0,0,0,0,0,0,0,0,0,0,0,0,0,0,0,0,0,0,0,0,0,0,0,0,0,0,0,0,0,0,0,0,0,0,0,0,0,0,0,0,0,0,0,0,0,0,0,0,0,0,0,0,0,0,0,0,0,0,0,0,0,0,0,0,0,0,0,0,0,0,0,0,0,0,0,0,0,0,0,0,0,0,0,0,0,0,0,0,0,0,0,0,0,0,0,0,0,0,0,0,0,0,0,0,0,1,4,10,17,21,25,36,50,59,78,87,102,117,140,150,167,183,201,221,228,241,255,265,270,297,303,312,317,340,343,350,352,367,373,375,380,380,381,390,403,406,406,406,411,422,423,427,430,431,432,434,434,437,440,442,448,451,456,460,461,464,465,465,466,466
9,8,8,8,8,8,8,8,8,8,8,8,6,5,1,1,1,0,0,0,0,0,0,0,0,0,0,0,0,0,0,0,0,0,0,0,0,0,0,0,0,0,0,0,0,0,0,0,0,0,0,0,0,0,0,0,0,0,0,0,0,0,0,0,0,0,0,0,0,0,0,0,0,0,0,0,0,0,0,0,0,0,0,0,0,0,0,0,0,0,0,0,0,0,0,0,0,0,0,0,0,0,0,0,0,0,0,0,0,0,0,0,0,0,0,0,0,0,0,0,0,0,0,0,0,0,0,0,0,0,0,0,0,3,5,9,14,19,25,32,43,55,65,76,90,106,120,130,143,153,168,186,206,223,235,248,263,275,278,298,305,318,323,333,350,351,367,371,376,385,387,391,406,407,410,417,419,422,424,435,436,436,437,439,447,451,455,456,456,458,459,459,459,461,462,462,464,467,469,469
9,8,8,8,8,8,8,8,8,8,8,8,7,5,2,2,1,0,0,0,0,0,0,0,0,0,0,0,0,0,0,0,0,0,0,0,0,0,0,0,0,0,0,0,0,0,0,0,0,0,0,0,0,0,0,0,0,0,0,0,0,0,0,0,0,0,0,0,0,0,0,0,0,0,0,0,0,0,0,0,0,0,0,0,0,0,0,0,0,0,0,0,0,0,0,0,0,0,0,0,0,0,0,0,0,0,0,0,0,0,0,0,0,0,0,0,0,0,0,0,0,0,0,0,0,0,0,0,0,0,0,0,0,0,1,5,9,10,14,19,24,33,50,56,72,88,103,115,129,148,163,168,191,209,219,230,247,259,267,291,293,314,321,339,341,362,366,380,385,390,410,412,412,418,418,422,432,432,434,439,440,442,448,453,454,454,454,458,459,459,459,461,461,463,463,464,464,466,466,468
9,8,8,8,8,8,8,8,8,8,7,7,6,6,2,1,1,1,1,1,0,0,0,0,0,0,0,0,0,0,0,0,0,0,0,0,0,0,0,0,0,0,0,0,0,0,0,0,0,0,0,0,0,0,0,0,0,0,0,0,0,0,0,0,0,0,0,0,0,0,0,0,0,0,0,0,0,0,0,0,0,0,0,0,0,0,0,0,0,0,0,0,0,0,0,0,0,0,0,0,0,0,0,0,0,0,0,0,0,0,0,0,0,0,0,0,0,0,0,0,0,0,0,0,0,0,0,0,0,0,0,0,0,1,2,4,7,11,15,20,26,36,46,59,73,88,99,113,130,146,158,177,197,211,228,243,250,267,279,294,299,320,323,341,353,368,368,377,379,388,400,401,403,422,423,423,427,427,431,436,445,446,446,446,453,454,456,456,457,458,459,460,462,462,463,464,465,465,467,468
9,8,8,8,8,8,8,8,8,8,8,8,8,6,4,1,1,0,0,0,0,0,0,0,0,0,0,0,0,0,0,0,0,0,0,0,0,0,0,0,0,0,0,0,0,0,0,0,0,0,0,0,0,0,0,0,0,0,0,0,0,0,0,0,0,0,0,0,0,0,0,0,0,0,0,0,0,0,0,0,0,0,0,0,0,0,0,0,0,0,0,0,0,0,0,0,0,0,0,0,0,0,0,0,0,0,0,0,0,0,0,0,0,0,0,0,0,0,0,0,0,0,0,0,0,0,0,0,0,0,0,0,0,2,2,5,9,12,20,23,30,36,43,57,71,81,85,106,118,133,148,164,182,195,219,234,242,261,268,288,290,309,322,339,342,350,369,369,379,387,394,401,402,407,415,417,420,423,425,426,427,428,431,438,438,440,440,440,440,445,447,450,452,453,458,462,463,464,464,464
9,8,8,8,8,8,8,8,8,8,8,8,8,4,2,1,1,1,1,0,0,0,0,0,0,0,0,0,0,0,0,0,0,0,0,0,0,0,0,0,0,0,0,0,0,0,0,0,0,0,0,0,0,0,0,0,0,0,0,0,0,0,0,0,0,0,0,0,0,0,0,0,0,0,0,0,0,0,0,0,0,0,0,0,0,0,0,0,0,0,0,0,0,0,0,0,0,0,0,0,0,0,0,0,0,0,0,0,0,0,0,0,0,0,0,0,0,0,0,0,0,0,0,0,0,0,0,0,0,0,0,0,0,1,3,5,8,12,20,29,35,43,52,65,83,100,112,132,150,166,182,191,210,220,239,258,270,287,297,312,320,338,343,355,357,378,379,379,394,396,397,405,408,408,422,423,423,427,430,432,433,441,441,442,442,442,445,456,457,458,458,460,461,461,461,461,462,462,464,465
9,8,8,8,8,8,8,8,8,8,8,8,8,5,1,1,1,1,1,0,0,0,0,0,0,0,0,0,0,0,0,0,0,0,0,0,0,0,0,0,0,0,0,0,0,0,0,0,0,0,0,0,0,0,0,0,0,0,0,0,0,0,0,0,0,0,0,0,0,0,0,0,0,0,0,0,0,0,0,0,0,0,0,0,0,0,0,0,0,0,0,0,0,0,0,0,0,0,0,0,0,0,0,0,0,0,0,0,0,0,0,0,0,0,0,0,0,0,0,0,0,0,0,0,0,0,0,0,0,0,0,0,1,3,6,7,10,15,21,26,29,40,53,62,73,84,95,109,123,144,163,181,192,211,227,240,258,271,287,296,309,315,329,332,336,349,355,365,366,368,379,383,385,395,395,396,397,420,421,423,424,427,435,437,437,441,444,445,445,448,454,456,456,456,456,458,458,460,461,461
9,8,8,8,8,8,8,8,8,8,8,8,7,6,4,1,1,1,0,0,0,0,0,0,0,0,0,0,0,0,0,0,0,0,0,0,0,0,0,0,0,0,0,0,0,0,0,0,0,0,0,0,0,0,0,0,0,0,0,0,0,0,0,0,0,0,0,0,0,0,0,0,0,0,0,0,0,0,0,0,0,0,0,0,0,0,0,0,0,0,0,0,0,0,0,0,0,0,0,0,0,0,0,0,0,0,0,0,0,0,0,0,0,0,0,0,0,0,0,0,0,0,0,0,0,0,0,0,0,0,0,0,2,2,2,4,9,10,20,26,35,44,55,66,76,92,110,123,145,155,168,187,196,218,227,237,260,272,282,308,316,324,327,348,351,357,364,380,382,383,393,393,397,410,411,411,412,425,428,430,431,431,434,436,439,442,446,448,451,451,454,454,454,456,456,456,460,461,462,466
9,8,8,8,8,8,8,8,8,8,8,8,7,2,1,1,1,1,1,0,0,0,0,0,0,0,0,0,0,0,0,0,0,0,0,0,0,0,0,0,0,0,0,0,0,0,0,0,0,0,0,0,0,0,0,0,0,0,0,0,0,0,0,0,0,0,0,0,0,0,0,0,0,0,0,0,0,0,0,0,0,0,0,0,0,0,0,0,0,0,0,0,0,0,0,0,0,0,0,0,0,0,0,0,0,0,0,0,0,0,0,0,0,0,0,0,0,0,0,0,0,0,0,0,0,0,0,0,0,0,0,0,0,0,3,7,16,18,28,39,42,51,61,69,81,96,110,116,131,146,164,176,196,215,228,251,265,271,275,299,303,319,329,336,341,347,367,369,378,387,393,399,410,412,412,415,428,431,434,435,439,440,441,443,446,453,453,453,453,455,459,460,465,466,471,471,471,471,471,472
9,8,8,8,8,8,8,8,8,8,8,7,5,4,1,1,1,1,0,0,0,0,0,0,0,0,0,0,0,0,0,0,0,0,0,0,0,0,0,0,0,0,0,0,0,0,0,0,0,0,0,0,0,0,0,0,0,0,0,0,0,0,0,0,0,0,0,0,0,0,0,0,0,0,0,0,0,0,0,0,0,0,0,0,0,0,0,0,0,0,0,0,0,0,0,0,0,0,0,0,0,0,0,0,0,0,0,0,0,0,0,0,0,0,0,0,0,0,0,0,0,0,0,0,0,0,0,0,0,0,0,0,0,0,1,5,7,11,16,24,37,44,55,68,84,97,104,122,135,149,170,179,206,226,235,250,261,268,276,290,293,311,317,337,338,346,368,369,372,385,388,397,407,409,413,418,420,424,426,432,432,433,434,437,448,448,449,449,449,450,451,452,453,455,460,462,464,466,466,466
9,8,8,8,8,8,8,8,8,8,8,8,6,5,2,1,1,1,1,0,0,0,0,0,0,0,0,0,0,0,0,0,0,0,0,0,0,0,0,0,0,0,0,0,0,0,0,0,0,0,0,0,0,0,0,0,0,0,0,0,0,0,0,0,0,0,0,0,0,0,0,0,0,0,0,0,0,0,0,0,0,0,0,0,0,0,0,0,0,0,0,0,0,0,0,0,0,0,0,0,0,0,0,0,0,0,0,0,0,0,0,0,0,0,0,0,0,0,0,0,0,0,0,0,0,0,0,0,0,0,0,0,0,4,9,10,14,23,31,42,46,58,76,85,105,116,129,143,155,174,185,199,215,228,239,255,269,274,289,292,306,312,332,335,345,349,370,373,377,385,388,396,410,411,414,415,432,433,437,438,446,447,448,449,454,455,455,455,455,456,457,464,466,468,468,469,469,469,469,469
9,8,8,8,8,8,8,8,8,8,8,7,6,5,2,1,0,0,0,0,0,0,0,0,0,0,0,0,0,0,0,0,0,0,0,0,0,0,0,0,0,0,0,0,0,0,0,0,0,0,0,0,0,0,0,0,0,0,0,0,0,0,0,0,0,0,0,0,0,0,0,0,0,0,0,0,0,0,0,0,0,0,0,0,0,0,0,0,0,0,0,0,0,0,0,0,0,0,0,0,0,0,0,0,0,0,0,0,0,0,0,0,0,0,0,0,0,0,0,0,0,0,0,0,0,0,0,0,0,0,0,0,1,1,3,3,7,8,14,22,30,37,42,51,63,71,86,100,121,131,161,176,189,210,221,236,247,258,264,296,298,310,323,339,341,344,363,368,378,378,380,388,392,394,400,401,407,411,428,429,429,431,432,440,441,441,444,444,447,448,449,449,449,451,452,453,456,460,462,462
9,8,8,8,8,8,8,8,8,8,8,8,7,3,2,1,1,1,0,0,0,0,0,0,0,0,0,0,0,0,0,0,0,0,0,0,0,0,0,0,0,0,0,0,0,0,0,0,0,0,0,0,0,0,0,0,0,0,0,0,0,0,0,0,0,0,0,0,0,0,0,0,0,0,0,0,0,0,0,0,0,0,0,0,0,0,0,0,0,0,0,0,0,0,0,0,0,0,0,0,0,0,0,0,0,0,0,0,0,0,0,0,0,0,0,0,0,0,0,0,0,0,0,0,0,0,0,0,0,0,0,0,0,1,2,4,5,10,14,28,39,46,61,72,92,107,120,144,159,174,186,201,216,227,249,263,273,285,295,311,322,341,345,355,357,364,365,370,388,391,395,407,411,412,418,425,426,426,428,433,433,436,436,439,443,446,450,452,457,459,462,463,465,465,465,465,465,467,468,470
9,8,8,8,8,8,8,8,8,8,8,8,8,7,3,3,0,0,0,0,0,0,0,0,0,0,0,0,0,0,0,0,0,0,0,0,0,0,0,0,0,0,0,0,0,0,0,0,0,0,0,0,0,0,0,0,0,0,0,0,0,0,0,0,0,0,0,0,0,0,0,0,0,0,0,0,0,0,0,0,0,0,0,0,0,0,0,0,0,0,0,0,0,0,0,0,0,0,0,0,0,0,0,0,0,0,0,0,0,0,0,0,0,0,0,0,0,0,0,0,0,0,0,0,0,0,0,0,0,0,0,0,0,0,1,2,8,11,21,25,37,47,55,72,81,98,109,121,129,141,158,180,199,212,241,250,261,280,286,308,314,329,334,354,359,363,374,378,383,402,403,405,415,415,415,417,427,432,432,434,437,437,440,441,442,456,456,456,456,456,456,459,460,462,466,467,467,467,468,469
9,8,8,8,8,8,8,8,8,8,8,8,7,5,2,1,1,1,1,0,0,0,0,0,0,0,0,0,0,0,0,0,0,0,0,0,0,0,0,0,0,0,0,0,0,0,0,0,0,0,0,0,0,0,0,0,0,0,0,0,0,0,0,0,0,0,0,0,0,0,0,0,0,0,0,0,0,0,0,0,0,0,0,0,0,0,0,0,0,0,0,0,0,0,0,0,0,0,0,0,0,0,0,0,0,0,0,0,0,0,0,0,0,0,0,0,0,0,0,0,0,0,0,0,0,0,0,0,0,0,0,0,1,2,2,4,8,14,22,27,34,50,66,81,90,104,113,132,149,167,190,206,220,226,242,261,280,291,299,315,319,336,341,352,356,363,370,373,377,391,392,394,407,411,414,420,420,420,421,427,429,432,437,437,442,449,449,454,455,456,457,460,460,460,460,460,460,460,462,463
9,8,8,8,8,8,8,8,8,8,8,8,7,3,1,1,0,0,0,0,0,0,0,0,0,0,0,0,0,0,0,0,0,0,0,0,0,0,0,0,0,0,0,0,0,0,0,0,0,0,0,0,0,0,0,0,0,0,0,0,0,0,0,0,0,0,0,0,0,0,0,0,0,0,0,0,0,0,0,0,0,0,0,0,0,0,0,0,0,0,0,0,0,0,0,0,0,0,0,0,0,0,0,0,0,0,0,0,0,0,0,0,0,0,0,0,0,0,0,0,0,0,0,0,0,0,0,0,0,0,0,0,0,2,2,4,5,10,15,27,38,51,65,75,89,100,112,121,142,154,170,176,198,211,221,234,251,263,271,295,302,313,317,342,345,348,361,366,368,375,377,382,397,404,411,413,419,419,422,426,437,438,438,440,442,446,453,453,453,455,456,456,456,457,458,458,460,460,462,463
9,8,8,8,8,8,8,8,8,8,8,8,6,2,2,2,1,1,0,0,0,0,0,0,0,0,0,0,0,0,0,0,0,0,0,0,0,0,0,0,0,0,0,0,0,0,0,0,0,0,0,0,0,0,0,0,0,0,0,0,0,0,0,0,0,0,0,0,0,0,0,0,0,0,0,0,0,0,0,0,0,0,0,0,0,0,0,0,0,0,0,0,0,0,0,0,0,0,0,0,0,0,0,0,0,0,0,0,0,0,0,0,0,0,0,0,0,0,0,0,0,0,0,0,0,0,0,0,0,0,1,1,1,1,3,3,6,13,19,21,27,40,49,59,73,93,108,124,135,156,166,180,197,204,221,242,253,269,274,291,296,325,329,338,344,356,357,367,372,379,391,393,395,419,423,426,429,437,438,440,442,450,451,452,459,461,461,461,462,462,466,467,468,471,471,472,472,473,473,473
9,8,8,8,8,8,8,8,8,8,8,8,7,6,4,2,1,0,0,0,0,0,0,0,0,0,0,0,0,0,0,0,0,0,0,0,0,0,0,0,0,0,0,0,0,0,0,0,0,0,0,0,0,0,0,0,0,0,0,0,0,0,0,0,0,0,0,0,0,0,0,0,0,0,0,0,0,0,0,0,0,0,0,0,0,0,0,0,0,0,0,0,0,0,0,0,0,0,0,0,0,0,0,0,0,0,0,0,0,0,0,0,0,0,0,0,0,0,0,0,0,0,0,0,0,0,0,0,0,0,0,0,2,2,2,3,7,14,23,32,39,53,64,75,86,103,117,131,140,154,178,188,202,217,229,253,263,274,278,301,306,319,330,340,353,356,378,379,379,387,391,394,400,401,404,407,422,423,424,425,426,428,431,435,437,438,443,447,448,449,452,453,455,455,457,459,459,460,461,462
9,8,8,8,8,8,8,8,8,8,8,8,8,3,2,1,1,1,0,0,0,0,0,0,0,0,0,0,0,0,0,0,0,0,0,0,0,0,0,0,0,0,0,0,0,0,0,0,0,0,0,0,0,0,0,0,0,0,0,0,0,0,0,0,0,0,0,0,0,0,0,0,0,0,0,0,0,0,0,0,0,0,0,0,0,0,0,0,0,0,0,0,0,0,0,0,0,0,0,0,0,0,0,0,0,0,0,0,0,0,0,0,0,0,0,0,0,0,0,0,0,0,0,0,0,0,0,0,0,0,1,1,1,2,4,6,9,14,23,31,40,51,61,71,84,106,113,136,146,162,173,188,205,218,234,248,254,264,291,293,309,316,341,341,362,366,374,374,380,405,406,406,417,417,420,428,430,431,433,443,443,444,444,446,448,451,453,458,461,463,463,464,465,465,469,470,471,475,475,475
9,8,8,8,8,8,8,8,8,8,8,7,4,3,2,1,0,0,0,0,0,0,0,0,0,0,0,0,0,0,0,0,0,0,0,0,0,0,0,0,0,0,0,0,0,0,0,0,0,0,0,0,0,0,0,0,0,0,0,0,0,0,0,0,0,0,0,0,0,0,0,0,0,0,0,0,0,0,0,0,0,0,0,0,0,0,0,0,0,0,0,0,0,0,0,0,0,0,0,0,0,0,0,0,0,0,0,0,0,0,0,0,0,0,0,0,0,0,0,0,0,0,0,0,0,0,0,0,0,0,0,0,1,3,4,9,13,18,21,27,32,42,54,59,72,94,106,116,137,151,170,178,192,210,223,238,255,265,274,297,302,319,326,341,343,358,361,372,376,380,398,403,407,417,418,420,431,432,434,437,437,439,442,448,449,449,451,452,454,454,463,465,466,467,469,469,470,470,473,473
9,8,8,8,8,8,8,8,8,8,8,8,7,3,2,1,0,0,0,0,0,0,0,0,0,0,0,0,0,0,0,0,0,0,0,0,0,0,0,0,0,0,0,0,0,0,0,0,0,0,0,0,0,0,0,0,0,0,0,0,0,0,0,0,0,0,0,0,0,0,0,0,0,0,0,0,0,0,0,0,0,0,0,0,0,0,0,0,0,0,0,0,0,0,0,0,0,0,0,0,0,0,0,0,0,0,0,0,0,0,0,0,0,0,0,0,0,0,0,0,0,0,0,0,0,0,0,0,0,0,0,0,1,1,1,2,6,10,17,25,37,47,64,70,89,95,108,123,144,155,174,182,198,216,228,240,255,265,274,292,298,313,320,341,344,349,371,372,379,388,392,394,410,411,413,417,422,426,431,436,436,437,437,439,446,448,452,452,456,458,459,459,463,465,465,466,467,467,467,467
9,8,8,8,8,8,8,8,8,8,8,8,6,4,3,1,1,0,0,0,0,0,0,0,0,0,0,0,0,0,0,0,0,0,0,0,0,0,0,0,0,0,0,0,0,0,0,0,0,0,0,0,0,0,0,0,0,0,0,0,0,0,0,0,0,0,0,0,0,0,0,0,0,0,0,0,0,0,0,0,0,0,0,0,0,0,0,0,0,0,0,0,0,0,0,0,0,0,0,0,0,0,0,0,0,0,0,0,0,0,0,0,0,0,0,0,0,0,0,0,0,0,0,0,0,0,0,0,0,0,0,1,2,3,3,4,4,6,13,20,26,35,45,59,71,90,98,121,133,159,169,191,203,213,231,253,264,283,289,307,309,335,342,350,352,376,378,383,392,395,400,412,414,416,429,429,430,438,438,441,448,449,450,452,455,457,457,457,462,462,462,463,463,465,466,467,471,471,471,471
9,8,8,8,8,8,8,8,8,8,8,8,8,2,1,0,0,0,0,0,0,0,0,0,0,0,0,0,0,0,0,0,0,0,0,0,0,0,0,0,0,0,0,0,0,0,0,0,0,0,0,0,0,0,0,0,0,0,0,0,0,0,0,0,0,0,0,0,0,0,0,0,0,0,0,0,0,0,0,0,0,0,0,0,0,0,0,0,0,0,0,0,0,0,0,0,0,0,0,0,0,0,0,0,0,0,0,0,0,0,0,0,0,0,0,0,0,0,0,0,0,0,0,0,0,0,0,0,0,0,0,0,1,2,3,6,10,18,24,32,47,62,78,88,101,113,130,147,162,185,189,202,216,230,241,248,260,280,284,298,305,322,328,338,343,364,366,369,388,395,398,410,412,416,426,427,427,436,437,441,445,445,445,446,453,454,456,457,457,460,461,462,463,463,463,463,463,465,465,468
9,8,8,8,8,8,8,8,8,8,8,8,8,6,1,1,1,1,0,0,0,0,0,0,0,0,0,0,0,0,0,0,0,0,0,0,0,0,0,0,0,0,0,0,0,0,0,0,0,0,0,0,0,0,0,0,0,0,0,0,0,0,0,0,0,0,0,0,0,0,0,0,0,0,0,0,0,0,0,0,0,0,0,0,0,0,0,0,0,0,0,0,0,0,0,0,0,0,0,0,0,0,0,0,0,0,0,0,0,0,0,0,0,0,0,0,0,0,0,0,0,0,0,0,0,0,0,0,0,0,0,0,0,1,2,4,5,11,19,28,34,41,54,61,77,87,104,125,143,156,175,193,205,216,228,246,264,273,278,308,311,324,331,354,360,372,373,377,392,395,397,413,414,416,423,425,428,437,437,438,439,445,445,447,448,452,452,452,452,452,453,457,459,462,464,467,468,468,468,469
9,8,8,8,8,8,8,8,8,8,8,8,7,5,5,3,1,1,0,0,0,0,0,0,0,0,0,0,0,0,0,0,0,0,0,0,0,0,0,0,0,0,0,0,0,0,0,0,0,0,0,0,0,0,0,0,0,0,0,0,0,0,0,0,0,0,0,0,0,0,0,0,0,0,0,0,0,0,0,0,0,0,0,0,0,0,0,0,0,0,0,0,0,0,0,0,0,0,0,0,0,0,0,0,0,0,0,0,0,0,0,0,0,0,0,0,0,0,0,0,0,0,0,0,0,0,0,0,0,0,0,0,0,0,3,4,4,9,12,18,28,33,44,56,66,83,92,109,127,141,151,166,179,205,224,238,260,275,283,295,311,312,328,334,345,348,359,367,373,392,392,399,410,410,411,413,428,431,431,437,438,439,442,450,451,452,452,452,458,460,460,463,465,466,467,467,467,467,469,469
9,8,8,8,8,8,8,8,8,8,8,8,7,7,7,2,1,0,0,0,0,0,0,0,0,0,0,0,0,0,0,0,0,0,0,0,0,0,0,0,0,0,0,0,0,0,0,0,0,0,0,0,0,0,0,0,0,0,0,0,0,0,0,0,0,0,0,0,0,0,0,0,0,0,0,0,0,0,0,0,0,0,0,0,0,0,0,0,0,0,0,0,0,0,0,0,0,0,0,0,0,0,0,0,0,0,0,0,0,0,0,0,0,0,0,0,0,0,0,0,0,0,0,0,0,0,0,0,0,0,0,0,0,2,5,6,8,14,22,25,32,40,49,61,83,94,115,124,151,166,178,194,205,223,234,252,263,268,273,289,295,310,316,338,342,357,359,369,386,387,389,404,409,412,415,416,417,421,428,428,430,430,432,445,450,452,452,453,453,453,456,456,460,463,464,467,467,468,468,468
9,8,8,8,8,8,8,8,8,8,8,8,7,4,2,2,1,0,0,0,0,0,0,0,0,0,0,0,0,0,0,0,0,0,0,0,0,0,0,0,0,0,0,0,0,0,0,0,0,0,0,0,0,0,0,0,0,0,0,0,0,0,0,0,0,0,0,0,0,0,0,0,0,0,0,0,0,0,0,0,0,0,0,0,0,0,0,0,0,0,0,0,0,0,0,0,0,0,0,0,0,0,0,0,0,0,0,0,0,0,0,0,0,0,0,0,0,0,0,0,0,0,0,0,0,0,0,0,0,0,0,0,1,1,1,5,7,11,16,17,22,35,51,55,70,81,88,103,121,145,163,180,187,201,215,227,239,260,265,283,288,311,314,318,338,341,350,353,372,376,382,389,390,393,399,415,415,416,417,423,423,427,433,436,439,440,440,440,442,443,444,448,449,449,454,457,458,460,460,461
9,8,8,8,8,8,8,8,8,8,8,7,6,5,3,2,2,0,0,0,0,0,0,0,0,0,0,0,0,0,0,0,0,0,0,0,0,0,0,0,0,0,0,0,0,0,0,0,0,0,0,0,0,0,0,0,0,0,0,0,0,0,0,0,0,0,0,0,0,0,0,0,0,0,0,0,0,0,0,0,0,0,0,0,0,0,0,0,0,0,0,0,0,0,0,0,0,0,0,0,0,0,0,0,0,0,0,0,0,0,0,0,0,0,0,0,0,0,0,0,0,0,0,0,0,0,0,0,0,0,0,0,1,2,4,6,10,14,24,28,36,46,55,67,83,89,102,118,131,155,164,182,194,201,217,229,241,261,278,294,297,318,327,340,343,362,362,365,368,379,395,396,397,409,411,415,426,429,429,430,441,444,445,445,451,452,452,456,457,458,461,463,463,464,464,464,464,465,465,466
9,8,8,8,8,8,8,8,8,8,8,8,6,3,1,1,0,0,0,0,0,0,0,0,0,0,0,0,0,0,0,0,0,0,0,0,0,0,0,0,0,0,0,0,0,0,0,0,0,0,0,0,0,0,0,0,0,0,0,0,0,0,0,0,0,0,0,0,0,0,0,0,0,0,0,0,0,0,0,0,0,0,0,0,0,0,0,0,0,0,0,0,0,0,0,0,0,0,0,0,0,0,0,0,0,0,0,0,0,0,0,0,0,0,0,0,0,0,0,0,0,0,0,0,0,0,0,0,0,0,0,0,1,2,3,6,8,10,18,27,34,37,51,71,84,106,116,134,142,163,173,180,203,212,229,244,262,265,295,304,312,316,347,350,357,362,378,380,385,395,400,403,412,413,414,419,433,433,436,437,440,443,445,449,449,454,455,457,458,461,462,462,464,464,465,465,465,465,466,466
9,8,8,8,8,8,8,8,8,8,8,8,5,5,1,1,1,1,1,0,0,0,0,0,0,0,0,0,0,0,0,0,0,0,0,0,0,0,0,0,0,0,0,0,0,0,0,0,0,0,0,0,0,0,0,0,0,0,0,0,0,0,0,0,0,0,0,0,0,0,0,0,0,0,0,0,0,0,0,0,0,0,0,0,0,0,0,0,0,0,0,0,0,0,0,0,0,0,0,0,0,0,0,0,0,0,0,0,0,0,0,0,0,0,0,0,0,0,0,0,0,0,0,0,0,0,0,0,0,0,0,0,1,4,5,7,12,15,21,27,32,44,58,65,75,85,96,112,134,150,167,176,192,215,225,245,252,261,271,298,302,319,328,344,346,367,371,386,386,390,408,408,410,418,420,424,438,438,438,439,449,451,452,453,453,454,456,457,458,463,463,463,463,463,464,466,466,466,468,468
9,8,8,8,8,8,8,8,8,8,8,8,5,4,2,1,1,1,0,0,0,0,0,0,0,0,0,0,0,0,0,0,0,0,0,0,0,0,0,0,0,0,0,0,0,0,0,0,0,0,0,0,0,0,0,0,0,0,0,0,0,0,0,0,0,0,0,0,0,0,0,0,0,0,0,0,0,0,0,0,0,0,0,0,0,0,0,0,0,0,0,0,0,0,0,0,0,0,0,0,0,0,0,0,0,0,0,0,0,0,0,0,0,0,0,0,0,0,0,0,0,0,0,0,0,0,0,0,0,0,0,0,0,0,1,3,5,9,11,18,23,28,42,57,69,78,98,113,128,147,157,179,192,201,213,227,241,261,267,282,290,306,307,324,330,349,354,363,366,377,402,404,407,416,422,424,431,432,433,434,444,446,446,447,447,453,455,457,458,459,461,463,464,467,468,469,469,470,471,471
9,8,8,8,8,8,8,8,8,8,8,7,6,2,2,1,0,0,0,0,0,0,0,0,0,0,0,0,0,0,0,0,0,0,0,0,0,0,0,0,0,0,0,0,0,0,0,0,0,0,0,0,0,0,0,0,0,0,0,0,0,0,0,0,0,0,0,0,0,0,0,0,0,0,0,0,0,0,0,0,0,0,0,0,0,0,0,0,0,0,0,0,0,0,0,0,0,0,0,0,0,0,0,0,0,0,0,0,0,0,0,0,0,0,0,0,0,0,0,0,0,0,0,0,0,0,0,0,0,0,1,1,2,3,6,6,9,15,25,31,40,48,61,71,87,97,114,128,150,160,173,182,195,223,237,247,269,280,283,296,305,319,323,339,347,358,370,374,381,394,397,399,405,405,412,417,419,419,421,433,434,440,444,445,446,446,447,447,450,451,453,456,457,461,462,463,466,467,468,468
9,8,8,8,8,8,8,8,8,8,8,7,6,2,1,1,1,1,1,1,0,0,0,0,0,0,0,0,0,0,0,0,0,0,0,0,0,0,0,0,0,0,0,0,0,0,0,0,0,0,0,0,0,0,0,0,0,0,0,0,0,0,0,0,0,0,0,0,0,0,0,0,0,0,0,0,0,0,0,0,0,0,0,0,0,0,0,0,0,0,0,0,0,0,0,0,0,0,0,0,0,0,0,0,0,0,0,0,0,0,0,0,0,0,0,0,0,0,0,0,0,0,0,0,0,0,0,0,0,0,1,2,3,4,4,9,15,18,28,37,51,60,68,79,96,113,123,141,156,178,191,212,221,233,257,265,275,281,297,300,321,323,332,337,359,360,362,375,382,387,401,402,406,423,425,426,429,431,434,435,446,446,447,447,455,456,458,458,460,464,465,465,465,466,466,466,466,466,469,470
9,8,8,8,8,8,8,8,8,8,8,8,7,6,4,2,2,0,0,0,0,0,0,0,0,0,0,0,0,0,0,0,0,0,0,0,0,0,0,0,0,0,0,0,0,0,0,0,0,0,0,0,0,0,0,0,0,0,0,0,0,0,0,0,0,0,0,0,0,0,0,0,0,0,0,0,0,0,0,0,0,0,0,0,0,0,0,0,0,0,0,0,0,0,0,0,0,0,0,0,0,0,0,0,0,0,0,0,0,0,0,0,0,0,0,0,0,0,0,0,0,0,0,0,0,0,0,0,0,0,0,1,1,1,1,4,9,16,23,29,35,44,49,64,78,84,95,106,130,140,160,173,183,200,206,223,251,260,265,288,292,312,316,333,337,338,355,360,365,378,379,380,398,402,407,408,417,417,424,428,442,442,442,442,442,450,452,454,454,454,455,455,455,455,456,458,462,463,464,467
9,8,8,8,8,8,8,8,8,8,8,7,6,2,2,1,1,0,0,0,0,0,0,0,0,0,0,0,0,0,0,0,0,0,0,0,0,0,0,0,0,0,0,0,0,0,0,0,0,0,0,0,0,0,0,0,0,0,0,0,0,0,0,0,0,0,0,0,0,0,0,0,0,0,0,0,0,0,0,0,0,0,0,0,0,0,0,0,0,0,0,0,0,0,0,0,0,0,0,0,0,0,0,0,0,0,0,0,0,0,0,0,0,0,0,0,0,0,0,0,0,0,0,0,0,0,0,0,0,0,0,0,0,2,2,4,9,12,23,30,38,48,55,73,81,93,106,128,140,156,177,191,211,224,234,248,257,265,289,299,310,313,337,338,340,354,356,379,383,387,396,399,403,414,415,417,419,434,436,438,443,446,446,446,448,451,455,455,455,455,455,455,458,460,463,464,466,467,467,468
9,8,8,8,8,8,8,8,8,8,8,8,6,3,1,1,1,0,0,0,0,0,0,0,0,0,0,0,0,0,0,0,0,0,0,0,0,0,0,0,0,0,0,0,0,0,0,0,0,0,0,0,0,0,0,0,0,0,0,0,0,0,0,0,0,0,0,0,0,0,0,0,0,0,0,0,0,0,0,0,0,0,0,0,0,0,0,0,0,0,0,0,0,0,0,0,0,0,0,0,0,0,0,0,0,0,0,0,0,0,0,0,0,0,0,0,0,0,0,0,0,0,0,0,0,0,0,0,0,0,0,0,0,0,2,5,7,16,22,27,37,48,54,66,82,98,114,125,142,156,165,181,191,216,232,242,261,269,293,298,316,323,335,343,358,359,362,372,375,380,396,397,399,409,414,415,421,423,425,429,432,437,441,444,444,444,447,452,454,456,457,458,461,462,462,462,463,464,464,466
9,8,8,8,8,8,8,8,8,8,8,7,4,2,1,1,1,1,0,0,0,0,0,0,0,0,0,0,0,0,0,0,0,0,0,0,0,0,0,0,0,0,0,0,0,0,0,0,0,0,0,0,0,0,0,0,0,0,0,0,0,0,0,0,0,0,0,0,0,0,0,0,0,0,0,0,0,0,0,0,0,0,0,0,0,0,0,0,0,0,0,0,0,0,0,0,0,0,0,0,0,0,0,0,0,0,0,0,0,0,0,0,0,0,0,0,0,0,0,0,0,0,0,0,0,0,0,0,0,0,0,1,1,3,5,7,13,16,27,35,38,46,57,71,81,95,106,120,139,152,174,191,211,227,241,254,278,286,297,301,316,318,327,346,349,359,371,377,383,395,397,400,417,418,418,420,434,436,437,440,444,445,445,448,451,459,460,460,460,460,464,465,466,466,466,466,467,467,468,468
9,8,8,8,8,8,8,8,8,8,8,8,7,6,2,1,0,0,0,0,0,0,0,0,0,0,0,0,0,0,0,0,0,0,0,0,0,0,0,0,0,0,0,0,0,0,0,0,0,0,0,0,0,0,0,0,0,0,0,0,0,0,0,0,0,0,0,0,0,0,0,0,0,0,0,0,0,0,0,0,0,0,0,0,0,0,0,0,0,0,0,0,0,0,0,0,0,0,0,0,0,0,0,0,0,0,0,0,0,0,0,0,0,0,0,0,0,0,0,0,0,0,0,0,0,0,0,0,0,0,0,0,0,1,8,12,15,17,22,29,35,43,57,63,79,93,113,128,140,155,174,190,202,220,231,244,259,277,282,306,313,333,335,357,359,372,375,382,401,401,401,415,419,420,425,425,427,436,437,439,441,442,446,447,455,455,455,456,457,463,464,466,467,467,468,468,469,469,470,470
9,8,8,8,8,8,8,8,8,8,8,8,8,5,3,2,1,0,0,0,0,0,0,0,0,0,0,0,0,0,0,0,0,0,0,0,0,0,0,0,0,0,0,0,0,0,0,0,0,0,0,0,0,0,0,0,0,0,0,0,0,0,0,0,0,0,0,0,0,0,0,0,0,0,0,0,0,0,0,0,0,0,0,0,0,0,0,0,0,0,0,0,0,0,0,0,0,0,0,0,0,0,0,0,0,0,0,0,0,0,0,0,0,0,0,0,0,0,0,0,0,0,0,0,0,0,0,0,0,0,0,0,0,1,1,3,8,11,18,25,31,40,50,61,70,85,99,111,135,149,166,188,199,217,234,248,271,281,291,296,313,316,329,333,339,353,355,364,371,375,379,400,400,404,406,415,418,424,426,435,437,438,443,451,454,454,456,456,460,461,461,461,461,462,462,462,462,462,463,465
9,8,8,8,8,8,8,8,8,8,8,8,8,4,2,1,0,0,0,0,0,0,0,0,0,0,0,0,0,0,0,0,0,0,0,0,0,0,0,0,0,0,0,0,0,0,0,0,0,0,0,0,0,0,0,0,0,0,0,0,0,0,0,0,0,0,0,0,0,0,0,0,0,0,0,0,0,0,0,0,0,0,0,0,0,0,0,0,0,0,0,0,0,0,0,0,0,0,0,0,0,0,0,0,0,0,0,0,0,0,0,0,0,0,0,0,0,0,0,0,0,0,0,0,0,0,0,0,0,0,0,0,2,2,3,3,7,11,13,17,22,33,42,53,69,91,106,126,140,152,164,173,189,202,222,252,257,266,275,287,292,301,308,316,334,339,360,364,372,375,381,400,402,403,414,416,420,424,432,433,433,434,440,442,443,445,446,448,449,453,456,458,458,461,464,465,465,468,469,470
9,8,8,8,8,8,8,8,8,8,8,8,8,4,2,2,1,1,1,0,0,0,0,0,0,0,0,0,0,0,0,0,0,0,0,0,0,0,0,0,0,0,0,0,0,0,0,0,0,0,0,0,0,0,0,0,0,0,0,0,0,0,0,0,0,0,0,0,0,0,0,0,0,0,0,0,0,0,0,0,0,0,0,0,0,0,0,0,0,0,0,0,0,0,0,0,0,0,0,0,0,0,0,0,0,0,0,0,0,0,0,0,0,0,0,0,0,0,0,0,0,0,0,0,0,0,0,0,0,0,0,0,0,3,6,7,9,13,18,23,33,38,53,65,78,93,103,114,132,143,156,177,194,216,225,233,254,268,275,293,297,310,315,331,336,342,358,364,378,381,382,398,400,408,419,421,424,433,433,435,439,440,440,441,441,443,455,457,457,457,459,459,459,459,461,463,465,466,466,467
9,8,8,8,8,8,8,8,8,8,8,8,7,5,2,1,1,0,0,0,0,0,0,0,0,0,0,0,0,0,0,0,0,0,0,0,0,0,0,0,0,0,0,0,0,0,0,0,0,0,0,0,0,0,0,0,0,0,0,0,0,0,0,0,0,0,0,0,0,0,0,0,0,0,0,0,0,0,0,0,0,0,0,0,0,0,0,0,0,0,0,0,0,0,0,0,0,0,0,0,0,0,0,0,0,0,0,0,0,0,0,0,0,0,0,0,0,0,0,0,0,0,0,0,0,0,0,0,0,1,1,1,3,3,3,5,9,17,26,35,42,47,57,67,83,90,110,127,146,155,175,198,219,237,245,260,269,277,285,300,306,318,326,340,342,350,368,368,373,387,389,395,404,405,406,419,424,426,429,433,438,439,443,454,454,454,456,457,461,463,464,466,467,467,467,467,467,467,469,470
9,8,8,8,8,8,8,8,8,8,8,8,6,4,3,1,0,0,0,0,0,0,0,0,0,0,0,0,0,0,0,0,0,0,0,0,0,0,0,0,0,0,0,0,0,0,0,0,0,0,0,0,0,0,0,0,0,0,0,0,0,0,0,0,0,0,0,0,0,0,0,0,0,0,0,0,0,0,0,0,0,0,0,0,0,0,0,0,0,0,0,0,0,0,0,0,0,0,0,0,0,0,0,0,0,0,0,0,0,0,0,0,0,0,0,0,0,0,0,0,0,0,0,0,0,0,0,0,0,0,0,0,0,2,4,4,5,9,13,23,30,45,54,64,80,90,109,130,150,163,186,197,215,233,241,256,268,276,278,301,306,318,323,349,351,364,369,377,389,391,393,412,413,415,421,423,428,438,438,438,443,444,446,449,453,454,454,454,456,458,465,465,465,465,465,465,466,467,467,468
9,8,8,8,8,8,8,8,8,8,8,7,2,1,1,1,1,1,0,0,0,0,0,0,0,0,0,0,0,0,0,0,0,0,0,0,0,0,0,0,0,0,0,0,0,0,0,0,0,0,0,0,0,0,0,0,0,0,0,0,0,0,0,0,0,0,0,0,0,0,0,0,0,0,0,0,0,0,0,0,0,0,0,0,0,0,0,0,0,0,0,0,0,0,0,0,0,0,0,0,0,0,0,0,0,0,0,0,0,0,0,0,0,0,0,0,0,0,0,0,0,0,0,0,0,0,0,0,0,0,0,0,0,2,5,13,20,27,33,41,51,60,67,76,88,105,114,138,148,165,176,196,220,225,241,260,265,271,292,299,312,321,334,334,340,363,369,381,383,387,406,408,411,418,420,424,430,431,431,433,441,442,446,450,451,454,454,454,454,455,456,457,460,461,462,464,464,464,464,464
9,8,8,8,8,8,8,8,8,8,8,7,7,3,1,1,0,0,0,0,0,0,0,0,0,0,0,0,0,0,0,0,0,0,0,0,0,0,0,0,0,0,0,0,0,0,0,0,0,0,0,0,0,0,0,0,0,0,0,0,0,0,0,0,0,0,0,0,0,0,0,0,0,0,0,0,0,0,0,0,0,0,0,0,0,0,0,0,0,0,0,0,0,0,0,0,0,0,0,0,0,0,0,0,0,0,0,0,0,0,0,0,0,0,0,0,0,0,0,0,0,0,0,0,0,0,0,0,0,0,0,0,2,5,6,9,14,19,28,33,40,53,55,70,81,97,110,122,140,153,168,184,192,211,224,238,256,276,282,297,305,323,326,343,347,364,368,385,386,387,396,398,403,407,419,420,424,426,430,431,432,433,433,439,444,448,451,454,458,460,460,461,465,465,466,466,466,468,469,470
9,8,8,8,8,8,8,8,8,8,8,8,8,7,4,1,1,1,1,0,0,0,0,0,0,0,0,0,0,0,0,0,0,0,0,0,0,0,0,0,0,0,0,0,0,0,0,0,0,0,0,0,0,0,0,0,0,0,0,0,0,0,0,0,0,0,0,0,0,0,0,0,0,0,0,0,0,0,0,0,0,0,0,0,0,0,0,0,0,0,0,0,0,0,0,0,0,0,0,0,0,0,0,0,0,0,0,0,0,0,0,0,0,0,0,0,0,0,0,0,0,0,0,0,0,0,0,0,0,0,0,0,0,1,3,4,4,9,17,24,42,50,57,61,75,86,103,110,128,139,161,172,187,203,212,221,242,252,254,285,298,305,314,332,345,345,360,365,378,379,383,395,398,402,409,412,414,418,435,436,436,436,439,439,441,445,449,450,450,453,454,454,455,456,458,459,462,463,466,468
9,8,8,8,8,8,8,8,8,8,8,8,5,5,3,2,1,1,1,0,0,0,0,0,0,0,0,0,0,0,0,0,0,0,0,0,0,0,0,0,0,0,0,0,0,0,0,0,0,0,0,0,0,0,0,0,0,0,0,0,0,0,0,0,0,0,0,0,0,0,0,0,0,0,0,0,0,0,0,0,0,0,0,0,0,0,0,0,0,0,0,0,0,0,0,0,0,0,0,0,0,0,0,0,0,0,0,0,0,0,0,0,0,0,0,0,0,0,0,0,0,0,0,0,0,0,0,0,0,0,0,0,0,0,3,6,8,10,16,28,34,46,59,73,83,96,105,128,146,158,185,199,214,226,239,258,267,277,287,304,307,320,325,341,345,357,364,372,383,385,388,404,405,407,412,415,418,422,432,433,436,437,440,449,449,452,452,454,455,456,460,460,460,461,463,463,465,468,468,469
9,8,8,8,8,8,8,8,8,8,8,8,7,5,1,1,0,0,0,0,0,0,0,0,0,0,0,0,0,0,0,0,0,0,0,0,0,0,0,0,0,0,0,0,0,0,0,0,0,0,0,0,0,0,0,0,0,0,0,0,0,0,0,0,0,0,0,0,0,0,0,0,0,0,0,0,0,0,0,0,0,0,0,0,0,0,0,0,0,0,0,0,0,0,0,0,0,0,0,0,0,0,0,0,0,0,0,0,0,0,0,0,0,0,0,0,0,0,0,0,0,0,0,0,0,0,0,0,0,0,0,0,0,1,1,3,6,12,15,23,31,36,42,56,69,89,99,122,135,161,173,188,206,219,231,251,259,268,287,302,315,322,344,349,349,368,371,373,390,391,396,409,409,409,418,422,427,437,437,437,445,446,447,448,450,451,452,453,454,457,459,462,462,462,462,462,463,463,463,465
9,8,8,8,8,8,8,8,8,8,8,8,6,4,4,1,1,1,1,1,1,0,0,0,0,0,0,0,0,0,0,0,0,0,0,0,0,0,0,0,0,0,0,0,0,0,0,0,0,0,0,0,0,0,0,0,0,0,0,0,0,0,0,0,0,0,0,0,0,0,0,0,0,0,0,0,0,0,0,0,0,0,0,0,0,0,0,0,0,0,0,0,0,0,0,0,0,0,0,0,0,0,0,0,0,0,0,0,0,0,0,0,0,0,0,0,0,0,0,0,0,0,0,0,0,0,0,0,0,0,0,0,0,0,0,2,5,11,17,23,30,43,49,68,77,92,99,119,135,151,166,186,192,208,223,229,251,265,269,284,296,312,313,329,334,360,361,364,379,381,385,395,397,404,419,420,420,423,426,428,430,434,437,444,445,446,448,453,454,455,456,457,462,462,463,464,466,466,467,467
9,8,8,8,8,8,8,8,8,8,8,7,5,2,1,1,0,0,0,0,0,0,0,0,0,0,0,0,0,0,0,0,0,0,0,0,0,0,0,0,0,0,0,0,0,0,0,0,0,0,0,0,0,0,0,0,0,0,0,0,0,0,0,0,0,0,0,0,0,0,0,0,0,0,0,0,0,0,0,0,0,0,0,0,0,0,0,0,0,0,0,0,0,0,0,0,0,0,0,0,0,0,0,0,0,0,0,0,0,0,0,0,0,0,0,0,0,0,0,0,0,0,0,0,0,0,0,0,0,0,0,0,0,0,1,3,9,15,19,23,27,42,51,64,79,95,110,125,139,157,168,193,203,220,236,244,255,265,285,287,307,319,336,340,354,358,368,371,372,392,395,396,407,411,417,422,427,427,429,432,438,442,444,445,446,447,451,453,455,456,460,463,463,463,463,464,464,464,466,469
9,8,8,8,8,8,8,8,8,8,8,8,8,5,5,1,1,1,1,1,1,0,0,0,0,0,0,0,0,0,0,0,0,0,0,0,0,0,0,0,0,0,0,0,0,0,0,0,0,0,0,0,0,0,0,0,0,0,0,0,0,0,0,0,0,0,0,0,0,0,0,0,0,0,0,0,0,0,0,0,0,0,0,0,0,0,0,0,0,0,0,0,0,0,0,0,0,0,0,0,0,0,0,0,0,0,0,0,0,0,0,0,0,0,0,0,0,0,0,0,0,0,0,0,0,0,0,0,0,0,0,0,0,0,1,2,7,10,19,25,36,53,63,75,87,102,118,129,144,156,167,180,193,202,211,236,243,263,267,291,298,315,322,345,346,353,357,368,371,376,390,393,397,406,406,410,416,433,433,433,433,438,439,443,444,447,448,454,456,456,457,460,461,461,463,465,465,467,467,467
9,8,8,8,8,8,8,8,8,8,7,7,7,7,4,1,0,0,0,0,0,0,0,0,0,0,0,0,0,0,0,0,0,0,0,0,0,0,0,0,0,0,0,0,0,0,0,0,0,0,0,0,0,0,0,0,0,0,0,0,0,0,0,0,0,0,0,0,0,0,0,0,0,0,0,0,0,0,0,0,0,0,0,0,0,0,0,0,0,0,0,0,0,0,0,0,0,0,0,0,0,0,0,0,0,0,0,0,0,0,0,0,0,0,0,0,0,0,0,0,0,0,0,0,0,0,0,0,0,0,0,0,0,1,2,3,4,5,10,15,20,26,49,56,75,88,108,125,145,155,169,184,200,212,223,236,251,261,272,279,313,319,335,336,352,355,363,368,377,390,391,391,402,404,408,416,423,424,425,431,442,443,446,446,447,452,452,456,457,458,459,463,463,463,463,463,464,464,464,465
9,8,8,8,8,8,8,8,8,8,8,8,5,4,3,3,0,0,0,0,0,0,0,0,0,0,0,0,0,0,0,0,0,0,0,0,0,0,0,0,0,0,0,0,0,0,0,0,0,0,0,0,0,0,0,0,0,0,0,0,0,0,0,0,0,0,0,0,0,0,0,0,0,0,0,0,0,0,0,0,0,0,0,0,0,0,0,0,0,0,0,0,0,0,0,0,0,0,0,0,0,0,0,0,0,0,0,0,0,0,0,0,0,0,0,0,0,0,0,0,0,0,0,0,0,0,0,0,0,0,0,2,2,2,2,8,17,19,26,33,38,52,61,70,76,97,113,132,143,159,176,195,212,221,238,246,257,285,293,305,310,331,335,346,352,356,369,370,375,393,396,400,411,412,414,422,423,424,425,432,432,438,441,445,453,453,453,453,453,454,454,456,459,460,461,461,462,463,463,463
9,8,8,8,8,8,8,8,8,8,8,8,8,7,5,4,0,0,0,0,0,0,0,0,0,0,0,0,0,0,0,0,0,0,0,0,0,0,0,0,0,0,0,0,0,0,0,0,0,0,0,0,0,0,0,0,0,0,0,0,0,0,0,0,0,0,0,0,0,0,0,0,0,0,0,0,0,0,0,0,0,0,0,0,0,0,0,0,0,0,0,0,0,0,0,0,0,0,0,0,0,0,0,0,0,0,0,0,0,0,0,0,0,0,0,0,0,0,0,0,0,0,0,0,0,0,0,0,0,0,0,0,0,1,2,4,7,9,15,21,35,42,58,67,83,96,106,118,133,156,172,187,198,209,227,239,245,257,263,274,281,306,313,328,330,344,366,367,376,379,382,397,398,400,412,413,413,421,425,425,426,433,436,444,444,445,445,446,446,447,449,453,454,456,460,460,464,465,466,466
